1.7099744596101798e+18 -0.067155575762 0.019638968888 -0.012351495112000002 -0.717997968 0.075539902 0.01467225 0.691778421
1.7099744598770593e+18 -0.073093314954 0.016583869104 0.013926023517999998 -0.711477041 0.072696358 0.015483095 0.698767424
1.709974460143952e+18 -0.066521225386 0.005702970416 0.073328569556 -0.702881396 0.07516963 0.031204348 0.706635416
1.7099744631130908e+18 -0.032998348372 0.077275581922 0.342810803324 -0.676264346 0.068645626 0.047824107 0.731892824
1.7099744640472512e+18 -0.033075646318 -0.048395410382 0.30332413914 -0.686940074 0.021830469 0.082989693 0.721629739
1.709974464247419e+18 0.022853521328 -0.028876434906 0.30530929822799996 -0.688946486 0.067004129 0.029502785 0.721105278
1.7099744646477548e+18 0.07506920669600001 0.050987306304 0.333936637914 -0.684491336 0.116617307 0.006793484 0.719601274
1.7099744664491604e+18 0.043993546696 -0.003529600316 0.30385685426799997 -0.68796289 0.067925453 0.003442134 0.722551942
1.7099744669161697e+18 0.031228221706000002 0.027157839082 0.311969564654 -0.682463646 0.052229166 0.022137661 0.728715003
1.7099744673831603e+18 -0.11801791782 0.008548096876 0.32077841433 -0.685323656 -0.083057843 0.143519506 0.709108651
1.7099744675832973e+18 -0.187089770472 -0.014900572896 0.321155976306 -0.679773867 -0.114226103 0.176959753 0.702527642
1.709974467883499e+18 -0.276958782496 -0.050534497024 0.3180299276 -0.677419305 -0.137725204 0.204808354 0.692956269
1.709974468317165e+18 -0.372691117062 -0.06674530038 0.30153024626999997 -0.688913107 -0.105336383 0.217468038 0.683381855
1.7099744686173932e+18 -0.44153550066999997 -0.018124680661999997 0.288034675434 -0.692998648 -0.064232484 0.215220198 0.685060084
1.709974469084412e+18 -0.542727670122 0.170961721348 0.284222341216 -0.703738451 0.022801213 0.132815599 0.697561681
1.7099744692845614e+18 -0.56574028918 0.26725318741 0.27846024701 -0.708924949 0.058893904 0.099955179 0.695676565
1.709974469384636e+18 -0.57672126204 0.321030382244 0.276512382454 -0.707749069 0.078852601 0.079841152 0.697494805
1.7099744694847101e+18 -0.587563756538 0.376520527372 0.277554272402 -0.687564969 0.08857777 0.068117246 0.717473686
1.7099744697849329e+18 -0.597152362554 0.5614058505880001 0.28768315059 -0.679231822 0.13533169 -0.004634271 0.721323788
1.7099744698850074e+18 -0.593756690516 0.625419461326 0.28860845276999997 -0.682695746 0.138435349 -0.011914186 0.717370391
1.709974469985079e+18 -0.588205145968 0.6920540476079999 0.288046891396 -0.684982419 0.13576594 -0.014948918 0.715641916
1.7099744704187205e+18 -0.557547081652 0.9907183943360001 0.29479358473399997 -0.695727766 0.07593064 0.029661266 0.713664949
1.7099744705187907e+18 -0.553542343882 1.0590744685840001 0.29713724601 -0.694747984 0.05266038 0.050517347 0.71554184
1.7099744706522176e+18 -0.551161900454 1.156260607348 0.298607011406 -0.692486644 0.028887587 0.079495981 0.716455281
1.7099744708857114e+18 -0.566578696574 1.33833235063 0.309094213384 -0.684574485 -0.026339332 0.117481142 0.718931317
1.7099744709857894e+18 -0.579481207008 1.414346665798 0.316578085032 -0.670545578 -0.042174298 0.144824699 0.726371646
1.7099744710858675e+18 -0.598955529128 1.487939609222 0.32177415941000004 -0.672258675 -0.065131649 0.154793531 0.721016705
1.7099744715862577e+18 -0.7764233664439999 1.8178941801239998 0.347224245302 -0.644342482 -0.185011864 0.308544934 0.67482841
1.7099744716863357e+18 -0.8368065243999999 1.866850388546 0.350909603528 -0.645678401 -0.213962033 0.33588624 0.651536703
1.7099744717530545e+18 -0.879622140518 1.8961055193960001 0.352047639526 -0.636515498 -0.236825481 0.354841262 0.6425336
1.709974471919851e+18 -0.992261455878 1.9663712271720002 0.349845064888 -0.615233898 -0.280166 0.39605096 0.621399999
1.7099744720199296e+18 -1.064759676992 2.006150565056 0.34985846269 -0.603267848 -0.296798289 0.410434663 0.616053641
1.7099744722200868e+18 -1.211873514984 2.083168115776 0.360254021578 -0.579277933 -0.317503691 0.433876842 0.612682164
1.7099744723201656e+18 -1.2858409663 2.119252665398 0.36631924428 -0.575564027 -0.331048191 0.43705976 0.606722355
1.7099744724202442e+18 -1.36076689023 2.15428877147 0.372354907144 -0.574501157 -0.33104372 0.448118985 0.599623084
1.7099744727204795e+18 -1.6005098191059999 2.252904727942 0.384252287716 -0.561198056 -0.344981164 0.474885643 0.583548129
1.7099744728205578e+18 -1.6802816075540001 2.27993617335 0.389813328872 -0.567096531 -0.353766352 0.485869527 0.56318897
1.709974472954e+18 -1.783524519986 2.3089066782320002 0.39738775115600006 -0.554489017 -0.370207131 0.503225565 0.549775064
1.7099744730874499e+18 -1.8906657028599998 2.3359037047939997 0.399607601976 -0.549860001 -0.380161464 0.514028966 0.537499309
1.7099744731875374e+18 -1.973655940828 2.356892554126 0.398244348788 -0.546324968 -0.381704986 0.525009036 0.52933532
1.7099744734210755e+18 -2.17706580718 2.402496381758 0.399292034614 -0.532189131 -0.38651225 0.532922387 0.532331407
1.7099744736546148e+18 -2.38304337128 2.44981456368 0.404378699032 -0.544440389 -0.386214763 0.518332601 0.534559786
1.709974473754703e+18 -2.4707522307380003 2.4717926493699998 0.40305641866599995 -0.545369267 -0.386504322 0.515599251 0.536044955
1.7099744738547917e+18 -2.55896792415 2.4954904394199997 0.40069309546199994 -0.55163002 -0.380335003 0.51652503 0.533152401
1.7099744739548803e+18 -2.647748411044 2.516547948794 0.39974875593400006 -0.551227152 -0.374958426 0.521645606 0.532391489
1.709974474288508e+18 -2.9453944530119998 2.561794388758 0.39625009402 -0.565416932 -0.396190315 0.515697002 0.507339656
1.709974474588775e+18 -3.2026560591299997 2.59281416493 0.385084274652 -0.558645248 -0.395516694 0.534267306 0.496024698
1.709974474688864e+18 -3.2900765477580003 2.600713606678 0.38682943719199997 -0.548734963 -0.397452652 0.536552727 0.503023386
1.7099744750224888e+18 -3.588274364642 2.623935236758 0.39143481410000003 -0.546476841 -0.409867644 0.528477728 0.504066288
1.7099744751892948e+18 -3.7431772537940002 2.634470144306 0.396347733826 -0.537443399 -0.40733242 0.53862685 0.505090117
1.7099744752893786e+18 -3.835498445438 2.636782284862 0.40028180541799996 -0.523534834 -0.41430819 0.550710499 0.50097698
1.7099744753894628e+18 -3.92669468697 2.635993142992 0.405797147888 0.516469538 0.429435283 -0.559241176 -0.485894918
1.7099744754895465e+18 -4.019367916212 2.6302617455840003 0.410992062866 0.511648953 0.441255599 -0.563528299 -0.475336403
1.7099744755896307e+18 -4.109745946724 2.619188438482 0.41478310825599995 0.494191796 0.453711748 -0.576644361 -0.466263264
1.7099744757230758e+18 -4.234242004564 2.6017939729979997 0.41403284405999996 0.474228889 0.462709814 -0.590113163 -0.461273283
1.70997447582316e+18 -4.326576749968 2.583896418422 0.413797127194 0.468439609 0.460935086 -0.599497318 -0.456843674
1.709974475923246e+18 -4.417721273284 2.562336176752 0.417536543754 0.453152865 0.463097572 -0.605647504 -0.461935312
1.7099744761234422e+18 -4.602003772828 2.516178077754 0.425227108372 0.449697703 0.479734361 -0.604101777 -0.450208783
1.7099744762235407e+18 -4.68397142598 2.48849391857 0.42579974874800003 0.439484149 0.488380849 -0.611640275 -0.440719873
1.709974476357006e+18 -4.793845268278 2.4443028774339997 0.422060197922 0.421733975 0.503485322 -0.627366781 -0.418394446
1.7099744764571054e+18 -4.874009576832 2.405005227988 0.42075249682399996 0.401152045 0.514593482 -0.64196527 -0.40268001
1.7099744767907727e+18 -5.147199539262 2.241962142068 0.40028479255599997 0.32819289 0.563672423 -0.684491694 -0.325628608
1.709974476924236e+18 -5.237285810504 2.16605634487 0.39535613491 0.306022346 0.577156961 -0.699548483 -0.28960675
1.7099744770243108e+18 -5.3028999519980005 2.1035392053720003 0.39111394117400006 0.292646736 0.587201178 -0.705536067 -0.267902344
1.7099744771577436e+18 -5.386628149188 2.0154440678679997 0.389144609392 0.270843744 0.598798156 -0.711796403 -0.247851431
1.70997447722446e+18 -5.4247683905579995 1.9708005858420001 0.391141137706 0.263727754 0.605334103 -0.713735938 -0.233665004
1.7099744772911762e+18 -5.46068298523 1.925380802114 0.39300975353199996 0.252023041 0.611184776 -0.715514481 -0.225780278
1.709974477391251e+18 -5.51245888138 1.8567220896840002 0.395510396446 0.238053322 0.615912735 -0.722526848 -0.204785302
1.709974477491325e+18 -5.561496232842 1.786501144472 0.39470484794399996 0.22267428 0.622971654 -0.728072345 -0.17953591
1.709974477591399e+18 -5.606657249336 1.713324975054 0.39228561585399996 0.20102948 0.624493778 -0.737214804 -0.161582902
1.709974477691473e+18 -5.65143769465 1.63841715235 0.39015051979200005 0.191701546 0.628548861 -0.740499437 -0.140845403
1.7099744777915466e+18 -5.69261287683 1.563383958862 0.392322754802 0.17204535 0.632056057 -0.747027755 -0.113380142
1.70997447789162e+18 -5.72939204992 1.487226528106 0.395929443998 0.153297752 0.637446046 -0.750041425 -0.087179147
1.7099744779583375e+18 -5.751256534606 1.434001821406 0.39687275801800004 0.149264589 0.647650719 -0.743315518 -0.075833119
1.7099744781584893e+18 -5.806119445829999 1.275267984056 0.398527191524 0.125297323 0.648901999 -0.749214232 -0.043644384
1.7099744782585654e+18 -5.830930059416 1.1906125230559998 0.397726234994 0.124865867 0.650007308 -0.748887181 -0.032664686
1.7099744784587172e+18 -5.873418516041999 1.01430588281 0.40126881236199996 0.112080365 0.652648449 -0.749007046 -0.0218278
1.709974478558793e+18 -5.894249715772 0.9295998633679999 0.404778575344 0.10510245 0.656113088 -0.747074187 -0.018689504
1.7099744786588682e+18 -5.915025987618 0.8461801006120001 0.40812297572199996 0.105835125 0.654489696 -0.748547733 -0.010882767
1.709974478758944e+18 -5.936330137275999 0.7630942734799999 0.40874256319599994 0.106640957 0.654390991 -0.748598814 -0.000350487
1.7099744788590195e+18 -5.958027341859999 0.67918876476 0.407118179842 0.099172682 0.655442715 -0.74870193 0.002245469
1.7099744789590968e+18 -5.981711221728 0.5943983918619999 0.404560914824 0.09792804 0.659063995 -0.745587826 0.011982169
1.709974479159255e+18 -6.025626731828 0.429732349024 0.406689011476 0.071364313 0.658454776 -0.748509109 0.032842368
1.7099744792593347e+18 -6.04287192905 0.349007393526 0.408493693872 0.067703232 0.663196385 -0.744264364 0.04071261
1.7099744793594135e+18 -6.057293693681999 0.268386095868 0.40866048365999996 0.061145958 0.666541219 -0.741602242 0.044835452
1.7099744794928527e+18 -6.074027420098 0.15761545206000002 0.407251041098 0.057114255 0.663789511 -0.743971765 0.051259059
1.7099744796596516e+18 -6.087177997626 0.013137412728 0.406398901546 0.050673664 0.652448714 -0.753560185 0.06236925
1.7099744797930908e+18 -6.095514900068 -0.096568245136 0.411090281998 0.052464269 0.657169938 -0.749268293 0.063026674
1.7099744799265303e+18 -6.100698089771999 -0.201131743714 0.415695124086 0.050693132 0.66160965 -0.745392323 0.063978173
1.7099744800599716e+18 -6.105232131789999 -0.298435094452 0.415638234572 0.045830719 0.662793636 -0.7437222 0.074037082
1.7099744801934129e+18 -6.1090571060859995 -0.398101144188 0.412286790278 0.036593899 0.661584914 -0.744086504 0.085448898
1.709974480360215e+18 -6.110167789594 -0.516900267598 0.411786108624 0.012141502 0.649004161 -0.753665686 0.103122331
1.7099744805270167e+18 -6.10437540064 -0.623115256676 0.416034633432 -0.013433279 0.650262415 -0.749313653 0.124528676
1.7099744807271793e+18 -6.081852138516 -0.742690726294 0.41470651230800004 -0.028574092 0.661132157 -0.73444289 0.150603503
1.7099744808939825e+18 -6.051196704916 -0.839825860434 0.409096295014 -0.0454809 0.661981344 -0.72762084 0.174011856
1.7099744810607754e+18 -6.009134117228 -0.9414948585680001 0.407201418778 -0.060808159 0.650614023 -0.731430113 0.194971085
1.7099744812275686e+18 -5.967401452892 -1.044189919344 0.41110000151000003 -0.053840846 0.645211995 -0.734746158 0.202363104
1.709974481394361e+18 -5.925790058055999 -1.141130666236 0.410949529342 -0.058521625 0.653373599 -0.727673769 0.200422123
1.7099744816278702e+18 -5.867577976084 -1.278131899528 0.40146975358599996 -0.056051273 0.670807421 -0.710213542 0.206088275
1.7099744818613788e+18 -5.812846321282 -1.437425982894 0.38782767909599997 -0.058981709 0.661249042 -0.718548894 0.207263961
1.7099744819948116e+18 -5.7932320939899995 -1.5341671704920001 0.381607637598 -0.056149404 0.673838079 -0.709572852 0.19823195
1.7099744821616026e+18 -5.777664335388 -1.654382245934 0.376850495604 -0.047370672 0.674232781 -0.714399934 0.18110472
1.7099744823617505e+18 -5.764520177944 -1.7956361056919998 0.36840447305199997 -0.025699968 0.688585937 -0.70723933 0.158118457
1.7099744825618982e+18 -5.740131509662 -1.937582804564 0.359738427048 -0.023289369 0.684849441 -0.713577628 0.145759508
1.7099744826953298e+18 -5.719488990688 -2.0345687598280002 0.359309281122 -0.032493453 0.6721434 -0.724538565 0.149034679
1.7099744828621184e+18 -5.697428335148 -2.1518963794899997 0.358029712304 -0.020980777 0.680610478 -0.717767417 0.145393088
1.709974483062265e+18 -5.668914016766 -2.2656301497499998 0.341732733364 -0.036541115 0.689079762 -0.707771301 0.15130648
1.7099744832290537e+18 -5.646904365476 -2.3398709917 0.306294878362 -0.060175661 0.678567827 -0.707012475 0.189889267
1.709974483562629e+18 -5.598243305138 -2.4786333034759997 0.22294245991599998 -0.141263887 0.65794611 -0.688463151 0.270499468
1.7099744836960586e+18 -5.564718070802 -2.5306973924319998 0.213588902054 0.159252077 -0.671478748 0.662869573 -0.290446162
1.709974483862845e+18 -5.501622049242 -2.5946387317840003 0.208543723212 0.194746196 -0.656964958 0.65083158 -0.326939404
1.709974483996281e+18 -5.436255796444 -2.644721139104 0.210300611026 0.223013997 -0.644558072 0.639754713 -0.354293048
1.7099744841630822e+18 -5.349631404964001 -2.702531784062 0.22356233724000002 -0.2584351 0.61398232 -0.631555557 0.396704674
1.709974484363243e+18 -5.240496948324 -2.7687504883279996 0.23267226439600003 -0.28163287 0.60333997 -0.610059261 0.42952472
1.7099744844966838e+18 -5.160491002964 -2.811076301704 0.23530494352200002 -0.297402203 0.594844997 -0.597901464 0.44746533
1.709974484663485e+18 -5.054033386247999 -2.866661834784 0.23898996739199999 0.307608008 -0.5835253 0.580895066 -0.476903051
1.7099744847969257e+18 -4.961687227112 -2.90782132355 0.243709747908 0.31997028 -0.570114732 0.568251193 -0.499678701
1.709974484997089e+18 -4.81828494081 -2.961497044704 0.251271285518 -0.336079687 0.557923794 -0.552487552 0.520124197
1.7099744851972557e+18 -4.66010136218 -3.0003240622739997 0.24593095859199998 -0.351081133 0.547489583 -0.537629366 0.536611438
1.7099744854307832e+18 -4.449866535136 -3.0436000555620004 0.238203523184 -0.347167641 0.553843319 -0.537212372 0.533043206
1.7099744855642276e+18 -4.32891118242 -3.067374887368 0.24011496238399999 -0.346460342 0.560631931 -0.533988357 0.529635251
1.709974485697672e+18 -4.208704131896 -3.089628860516 0.241831211732 -0.34434551 0.559304953 -0.537553847 0.528809965
1.7099744858644777e+18 -4.050924308706 -3.118035819954 0.239313560046 -0.340823233 0.559797347 -0.539208114 0.528886676
1.7099744859979228e+18 -3.9214102019839996 -3.140010517204 0.23520866358 -0.342971414 0.549304783 -0.542541564 0.535054684
1.709974486131369e+18 -3.7887020780399996 -3.1617726365939998 0.23539955131 -0.352575958 0.533730268 -0.53697896 0.549978137
1.7099744863315382e+18 -3.591279344686 -3.194152589804 0.238534761894 -0.358564436 0.544429064 -0.526790142 0.545454621
1.7099744865317074e+18 -3.402260925404 -3.226047466136 0.231590270802 -0.355988771 0.555325627 -0.517312229 0.545228124
1.7099744866651535e+18 -3.2759611665440005 -3.244776071526 0.225354781234 -0.359113723 0.550753832 -0.519341946 0.54588598
1.7099744868319616e+18 -3.1143235550459996 -3.2716682355940003 0.22508901421599997 -0.354732871 0.550793707 -0.528153777 0.54022634
1.7099744869987676e+18 -2.962769479846 -3.30282586667 0.22765459400200003 -0.352953851 0.55649215 -0.533572018 0.530132949
1.7099744871655716e+18 -2.815671335268 -3.332466205552 0.22439994203000002 -0.345986336 0.563948035 -0.531529725 0.528897166
1.7099744873323758e+18 -2.663676054138 -3.3588700827 0.21527447741800002 -0.346426606 0.552488565 -0.537229061 0.534911156
1.7099744874991798e+18 -2.50317712491 -3.387350873852 0.20972484999399998 -0.343057483 0.546626151 -0.538007915 0.542271972
1.709974487665984e+18 -2.354643545144 -3.4046517125499998 0.21133525622 -0.353469849 0.537040591 -0.533589363 0.549480557
1.7099744879995876e+18 -2.04991324043 -3.4203043594279996 0.202508327758 -0.354235917 0.546332955 -0.527762353 0.545439363
1.709974488133024e+18 -1.921579903694 -3.419210796518 0.197683172368 -0.347070068 0.546358228 -0.527225733 0.550516188
1.7099744882998188e+18 -1.7591545771359998 -3.417332193396 0.20040990202199999 -0.34609586 0.548929453 -0.530205309 0.545689106
1.7099744884666135e+18 -1.600788916606 -3.4246761149919998 0.20047715732000002 -0.33914879 0.5565117 -0.530809999 0.541768968
1.7099744886000492e+18 -1.474253485386 -3.435568945028 0.193182947056 -0.336360991 0.56043756 -0.527440727 0.542749763
1.7099744887334845e+18 -1.344745263554 -3.4505499743000003 0.183358857924 -0.336968303 0.554010987 -0.528854907 0.547573447
1.70997448886692e+18 -1.2127276606719999 -3.4655245838620004 0.17857295907 -0.339727759 0.547104418 -0.528082967 0.553525269
1.7099744890003556e+18 -1.0871220787240001 -3.474212810684 0.176259882392 -0.351631343 0.545188546 -0.523614526 0.552225232
1.7099744894340204e+18 -0.6775655853120001 -3.468492113042 0.159645385306 -0.362258345 0.541075468 -0.517753661 0.554921091
1.7099744895340966e+18 -0.5878986735380001 -3.45949179631 0.15746033256800002 -0.366703689 0.544599295 -0.517971933 0.548311174
1.7099744898676849e+18 -0.294806090546 -3.4373601626759998 0.162302262606 -0.360075742 0.551545262 -0.505558133 0.557273924
1.709974490034906e+18 -0.153174557734 -3.423751972212 0.156610935184 -0.364284456 0.540911615 -0.500561297 0.5693416
1.7099744905040727e+18 0.246262309128 -3.382466220672 0.149804331908 -0.365695477 0.538271964 -0.487049729 0.582505524
1.709974490671676e+18 0.391277431908 -3.371433931272 0.142752894394 -0.355571032 0.54307729 -0.495791852 0.57691139
1.7099744908057754e+18 0.507563206128 -3.36371978184 0.136435235904 -0.348233938 0.545104623 -0.506361604 0.570256233
1.7099744909398897e+18 0.619812230796 -3.364724533214 0.133043230562 -0.342912912 0.551433742 -0.516894162 0.557809949
1.709974491240294e+18 0.867338637858 -3.391146244178 0.12788372665199998 -0.313148201 0.574225783 -0.53866756 0.531074584
1.7099744914405676e+18 1.03011118639 -3.4354583760420003 0.124799487032 -0.298837036 0.573722959 -0.562050343 0.515400589
1.7099744916074642e+18 1.15570250136 -3.487114429502 0.117802598166 -0.283574373 0.572668374 -0.57147342 0.514834702
1.7099744917743634e+18 1.277170127486 -3.544070661362 0.1119925983 -0.272521138 0.573262393 -0.582419455 0.507828772
1.7099744920413473e+18 1.472014195542 -3.6377290249299996 0.093700328238 -0.261020899 0.583082795 -0.606631994 0.47315976
1.7099744922080704e+18 1.592405289596 -3.711623714546 0.08098002237600001 -0.24258621 0.5892061 -0.627239347 0.447838038
1.7099744924081341e+18 1.7450183304620002 -3.799545329888 0.06672203271800001 -0.222636089 0.608219564 -0.641422451 0.411192656
1.709974492574851e+18 1.857225357174 -3.8772311097739998 0.05695346239 -0.211041331 0.615913451 -0.648688912 0.39410007
1.709974492741565e+18 1.9651374913059998 -3.964418333106 0.045712574116 -0.198651612 0.62213248 -0.654314995 0.381261915
1.709974492908276e+18 2.076537542332 -4.062017589652 0.03405233722 -0.191797435 0.61853081 -0.662875414 0.375805199
1.7099744932750316e+18 2.332486944018 -4.293745603532 0.01714832262 -0.190524563 0.619914532 -0.666645706 0.367409647
1.7099744934417329e+18 2.453495798182 -4.398702335434 0.010556127933999999 -0.197204188 0.621341527 -0.664337158 0.365652025
1.7099744936751078e+18 2.6345364855480002 -4.557418785149999 0.001150570608 -0.190775484 0.616770148 -0.673760653 0.359507889
1.7099744939418127e+18 2.836496649734 -4.746777828298001 0.00221923372 -0.173693657 0.638634145 -0.666484773 0.343183577
1.709974494175212e+18 2.9963992195060003 -4.90600432201 -0.0012070715360000001 -0.173166439 0.637260497 -0.667574108 0.343885601
1.7099744943419256e+18 3.106826976748 -5.01921627812 -0.001423110018 -0.176547959 0.627634048 -0.66985178 0.355253369
1.7099744945419773e+18 3.2411554717740003 -5.147417110396001 0.0036050705240000002 -0.191591933 0.631076634 -0.660221756 0.359363377
1.7099744947753638e+18 3.399986057314 -5.280362422896 0.0038700042699999996 -0.207400337 0.624060452 -0.657149374 0.36835897
1.7099744950087485e+18 3.566891389996 -5.413722190975999 0.00220751069 -0.206350923 0.617084324 -0.66174835 0.372445077
1.709974495308838e+18 3.7751256312000003 -5.5743397141079996 0.013565567928 -0.199646503 0.620875359 -0.657551229 0.377202094
1.7099744955422326e+18 3.934890346442 -5.6930993805179995 0.008525565246 -0.207063556 0.612470984 -0.656115651 0.389250875
1.7099744957422792e+18 4.0733412819 -5.802504552944 0.00387661659 -0.212833986 0.603150547 -0.652050138 0.407113969
1.7099744960756846e+18 4.307970126922 -5.988778720671999 -0.00801864976 -0.22802031 0.611487806 -0.63721472 0.409935236
1.7099744963090662e+18 4.471310500954 -6.135139263198 -0.024616685984 -0.230919123 0.604996026 -0.646542847 0.403284609
1.7099744965091016e+18 4.610797931784 -6.268102409513999 -0.029818982600000002 -0.225515679 0.624317408 -0.644039273 0.380241871
1.7099744967424689e+18 4.766466600522 -6.415433105422 -0.035423930608 -0.22545284 0.631784439 -0.644382656 0.367138177
1.709974496975826e+18 4.922184490278 -6.566317703418 -0.044957971145999996 -0.225130782 0.62240243 -0.648712754 0.375636965
1.709974497209216e+18 5.076588748792 -6.720809703828 -0.048282985608 -0.236368954 0.623624206 -0.646982968 0.369642586
1.709974497409258e+18 5.208617408609999 -6.8463561668479995 -0.056323391695999994 -0.240097702 0.622716367 -0.647612333 0.367662638
1.709974497609294e+18 5.352184122142 -6.979537597516 -0.070309428376 -0.240397006 0.619771481 -0.649815202 0.368555039
1.7099744978093248e+18 5.502763406734 -7.1168050881400005 -0.07450090733800001 -0.237192646 0.63016957 -0.644918084 0.361533701
1.7099744980093563e+18 5.6507839108599995 -7.246451164128 -0.076539846504 -0.238322228 0.630438685 -0.642945111 0.363828689
1.709974498242767e+18 5.823458448236 -7.400332538478 -0.089165327284 -0.237127185 0.618750036 -0.644591093 0.381341606
1.7099744984428283e+18 5.971862377162 -7.536821052552001 -0.09541618750400001 -0.24844496 0.609610856 -0.645338178 0.387541413
1.709974498676226e+18 6.145189628688 -7.686557872598 -0.097486759216 -0.256516218 0.614141524 -0.641691864 0.381131411
1.709974498876276e+18 6.296123447328 -7.8177290876739995 -0.106611689008 -0.256905019 0.606327355 -0.648016214 0.382677317
1.7099744990763215e+18 6.449973434476 -7.95687910468 -0.10889907413000001 -0.251910239 0.623939693 -0.644331515 0.363424599
1.7099744992430223e+18 6.570704795974 -8.070163108898 -0.10980517141 -0.244663149 0.628965735 -0.645806313 0.3570382
1.709974499409719e+18 6.692278621644 -8.182436298454 -0.11405722939599999 -0.245132998 0.623358727 -0.644736588 0.368304878
1.7099744998097738e+18 6.986947860728001 -8.440198318442 -0.107962949138 -0.254312962 0.616125286 -0.637587845 0.386259347
1.709974500209856e+18 7.314557388423999 -8.649094547126001 -0.105224816972 -0.252997577 0.604803264 -0.649421811 0.385300577
1.709974500409909e+18 7.480389488088 -8.745657665096 -0.09159907693199999 -0.257964283 0.610593438 -0.64289403 0.383819401
1.7099745014434742e+18 8.246895172274 -9.235370620542 -0.057732756466 -0.306254655 0.581313193 -0.605827689 0.448615462
1.709974501710191e+18 8.456504749484 -9.3262026979 -0.023342690514 -0.307632208 0.594559073 -0.610080898 0.423867047
1.7099745021436068e+18 8.75933184038 -9.443766792152001 0.09335584244799999 0.30904752 -0.608989418 0.595929742 -0.422480106
1.7099745024103345e+18 8.941331268144001 -9.513551525081999 0.11882482618599999 -0.324214876 0.576198816 -0.590475619 0.4628371
1.7099745029104225e+18 9.28047635273 -9.630397277908001 0.14385931991200002 -0.371577978 0.546703875 -0.547128975 0.513512135
1.7099745034124577e+18 9.664958294024 -9.639039493379999 0.163573337884 -0.404287517 0.519873559 -0.510077 0.553267121
1.7099745040819558e+18 10.188592391978 -9.623377929594 0.17330154875 -0.429472208 0.490460813 -0.470231354 0.594881773
1.7099745042486024e+18 10.318205654328 -9.619609309992 0.183640140332 -0.435281575 0.490593284 -0.459988892 0.598546922
1.7099745046152018e+18 10.623538738208 -9.636674030147999 0.20260545443599998 -0.407989949 0.494178176 -0.491697073 0.589547396
1.7099745051150856e+18 11.005123771620001 -9.726859813814 0.206385799686 -0.364356965 0.534291089 -0.542944968 0.535712421
1.7099745052483968e+18 11.104990406157999 -9.753728080778 0.204071251692 -0.357522249 0.535216928 -0.550519526 0.531647384
1.7099745058815654e+18 11.58922983944 -9.784856464306001 0.19494786016199997 -0.413717091 0.512019575 -0.499265045 0.563390195
1.7099745060817554e+18 11.761350818668001 -9.772555484626 0.20074818502199998 -0.42329371 0.507636428 -0.490265548 0.568126202
1.7099745062822246e+18 11.91815192799 -9.764991138276 0.207572142646 -0.438249856 0.506617069 -0.481480956 0.565201223
1.7099745064493033e+18 12.034167343220002 -9.75523395924 0.20689800614999998 -0.452194184 0.49579829 -0.465879589 0.576767445
1.7099745066498232e+18 12.171064605634 -9.740275756684 0.200093509616 -0.471751451 0.472435147 -0.430565953 0.607345521
1.7099745077513772e+18 12.916339614706 -9.65401766978 0.20577677845999998 -0.462904662 0.459670007 -0.427647114 0.625732124
1.70997450798491e+18 13.101959999018 -9.651712840924 0.205199546112 -0.438551426 0.508994639 -0.457408994 0.582558274
1.7099745082516567e+18 13.318461234958 -9.663146388940001 0.21035326499 -0.396398157 0.536835372 -0.488585204 0.562103927
1.7099745092518994e+18 13.995447403014 -9.864134437739999 0.230591404692 0.273033589 -0.626105845 0.594236851 -0.424648941
1.7099745094852836e+18 14.130290222092 -9.944125045734 0.225402308032 0.267845631 -0.626230359 0.603057683 -0.415229708
1.709974509651982e+18 14.232826919674 -9.992584941944 0.23173840210399999 0.285924196 -0.609973073 0.603884697 -0.426032215
1.7099745098186767e+18 14.336661911132001 -10.024714153212 0.243117869346 -0.313417047 0.593813539 -0.594514549 0.442388594
1.70997450995203e+18 14.421508995146 -10.041344444318 0.24889543406200001 -0.330063522 0.582885742 -0.584360361 0.458066881
1.709974510118743e+18 14.536426567036001 -10.059296569982 0.251267651734 -0.345154166 0.573246837 -0.577602088 0.46758157
1.7099745102854582e+18 14.655404518172 -10.070496852702 0.25635054884999997 -0.354951382 0.564729631 -0.572917163 0.476293892
1.7099745112190377e+18 15.303478675694 -10.104196857612001 0.286734330542 -0.396540254 0.522131085 -0.527558863 0.540200531
1.7099745114191004e+18 15.435632171476 -10.082132278438 0.28914063307800003 -0.42051512 0.50557816 -0.50511837 0.558939338
1.709974511852555e+18 15.677966606192 -9.967931621538 0.295019359184 -0.474654168 0.427134395 -0.438595057 0.632371724
1.7099745120526095e+18 15.746208366218 -9.906026534910001 0.301127806188 -0.514859319 0.384199113 -0.380707562 0.665111065
1.7099745122860114e+18 15.794972862240002 -9.840316448204 0.302297831154 -0.568156719 0.313271344 -0.284470648 0.705787122
1.7099745124193812e+18 15.803802688453999 -9.809385661966001 0.305108223486 -0.600288868 0.247461408 -0.22340785 0.726983547
1.7099745125527485e+18 15.794804512124 -9.782230629006 0.306393810712 -0.632314503 0.192655206 -0.153904676 0.734422028
1.7099745126861138e+18 15.760645111046 -9.762991622824 0.305816087676 -0.655759275 0.129602551 -0.083894618 0.739015996
1.7099745129194975e+18 15.676420066824 -9.745775672776 0.303873350286 -0.673446715 0.028281089 0.031899072 0.738005519
1.709974513252926e+18 15.536593795734 -9.783215049739999 0.323963826934 -0.665158212 -0.106736876 0.178268567 0.717211366
1.7099745134196388e+18 15.459341018836 -9.798134731418 0.32526040452399996 -0.655849874 -0.159380212 0.246279448 0.695561171
1.709974513553007e+18 15.404249122746 -9.818489414382 0.324485619018 -0.649238169 -0.194885686 0.287143648 0.676799715
1.709974513653032e+18 15.363638198854 -9.835944335844 0.32374291186599996 -0.639443398 -0.221400738 0.318733841 0.663703799
1.7099745138197368e+18 15.296576316824002 -9.875398208456 0.320070594272 -0.625746846 -0.26311782 0.368155628 0.63535136
1.7099745139530985e+18 15.241236175616 -9.904803142388 0.31825741870999996 -0.616219997 -0.288364589 0.403036922 0.612111092
1.7099745140864735e+18 15.184600593404 -9.925429611152 0.31417962939 -0.60354197 -0.317746788 0.429634541 0.591767013
1.7099745142198505e+18 15.121898696784 -9.937597907974 0.30730266138 -0.598613739 -0.343268514 0.448509187 0.568038702
1.7099745143865695e+18 15.028408683706001 -9.940501949158 0.301318849876 -0.584333956 -0.365591228 0.472997576 0.54878974
1.7099745145199424e+18 14.944801399220001 -9.930958774418 0.30089023877000004 -0.579219997 -0.370531708 0.486457288 0.539045215
1.7099745146866565e+18 14.84081803149 -9.917494323748 0.303250374372 -0.565478683 -0.38773495 0.499842554 0.529200256
1.7099745148867092e+18 14.702207306028 -9.895979736257999 0.30208786157 -0.564271152 -0.394334167 0.507374227 0.518333912
1.7099745150534292e+18 14.569246299740001 -9.86913714963 0.296482793508 -0.566566408 -0.386269718 0.504861474 0.524321735
1.7099745154201964e+18 14.262385223526 -9.790762989084 0.299728328108 -0.594342887 -0.361426562 0.462948531 0.549368739
1.7099745156202437e+18 14.091207290534 -9.736361614056 0.298555226618 -0.599516392 -0.345403761 0.459270298 0.557088077
1.7099745158202862e+18 13.920293296822 -9.68526375597 0.292835710816 -0.5864591 -0.357137978 0.471431762 0.553416908
1.7099745161536947e+18 13.649547622612 -9.630201820272 0.302018154328 -0.556020319 -0.40118894 0.502003968 0.527144015
1.7099745164537638e+18 13.38965625756 -9.614262763820001 0.305507096356 -0.518143654 -0.424139827 0.535270751 0.514896035
1.7099745172872689e+18 12.649176376166 -9.691334350434 0.29626415236 0.505490303 0.464657992 -0.577842295 -0.441215336
1.7099745174539732e+18 12.503205322102 -9.72672142409 0.29024195387 0.499022603 0.46631813 -0.581208169 -0.442403585
1.7099745176873539e+18 12.285404365476001 -9.766818023556 0.276401189262 0.517071664 0.451485187 -0.558359623 -0.465867549
1.70997451785405e+18 12.128606109774 -9.775703491246 0.27635796496000004 -0.542132556 -0.433354378 0.532541633 0.484454036
1.7099745180540892e+18 11.939677928838 -9.776683631924 0.27300368911199996 -0.554352641 -0.415985644 0.509344995 0.510114491
1.7099745182541417e+18 11.743721126632 -9.773398662389999 0.268779351632 -0.548318863 -0.402611524 0.518046141 0.518535018
1.709974518454189e+18 11.54277445233 -9.77540317149 0.27008734258 -0.5412637 -0.417914003 0.526434302 0.505221188
1.7099745186542313e+18 11.342818618846 -9.788129306890001 0.268416992756 -0.530897379 -0.428851753 0.530348241 0.502956152
1.7099745188876073e+18 11.09998127381 -9.798671882559999 0.25646245526 -0.522805631 -0.422139078 0.530460238 0.51680249
1.7099745190544666e+18 10.927638443018001 -9.796909198867999 0.255860478698 -0.538807511 -0.425725073 0.506071389 0.521858573
1.7099745192215892e+18 10.755946185974 -9.788351871671999 0.25429891425400003 -0.54777354 -0.414205641 0.499853313 0.527754247
1.7099745193887347e+18 10.585650665215999 -9.774211166544001 0.24971197255400002 -0.545008063 -0.406648785 0.505104542 0.531481326
1.7099745196227763e+18 10.345516197236 -9.75881354129 0.24984991647 -0.52822715 -0.4346793 0.516883552 0.514646828
1.7099745197565343e+18 10.206079414234 -9.747813709106 0.253910964428 -0.530187845 -0.435705602 0.517459869 0.511171997
1.7099745198903068e+18 10.06700429933 -9.737065689252 0.253478630526 -0.519955218 -0.434353173 0.524999559 0.515130579
1.709974520024e+18 9.925816959212 -9.724421588882 0.25442078551999997 -0.518770039 -0.423790574 0.529898047 0.520083904
1.7099745201574272e+18 9.784330726522 -9.710514861894 0.25795359887 -0.530156672 -0.423747748 0.521445096 0.517172039
1.7099745203242107e+18 9.609629566174 -9.68912582396 0.26084923590000003 -0.53940767 -0.420092732 0.506809235 0.525076985
1.7099745204909944e+18 9.437266761912 -9.662929531024 0.25902663067599996 -0.541508853 -0.403034806 0.508456111 0.53460592
1.7099745206577777e+18 9.271642246086001 -9.627307052792 0.254538666206 -0.543977201 -0.385341793 0.517715514 0.536256611
1.7099745207912046e+18 9.140895473512 -9.599184718947999 0.25466943194 -0.555737138 -0.384269327 0.511066914 0.531322837
1.7099745209246313e+18 9.012059760902 -9.5688203314 0.25650851111600004 -0.560396492 -0.381677389 0.496001452 0.542457998
1.7099745210580641e+18 8.881729583562 -9.531597812726 0.256321100838 -0.56200999 -0.364977241 0.487532765 0.559685826
1.709974521191504e+18 8.7491081315 -9.490696556000001 0.251873440478 -0.572544873 -0.348789334 0.467102945 0.576500833
1.7099745213249436e+18 8.621949501088 -9.444316783836 0.247964915704 -0.583353221 -0.330855906 0.447097331 0.591893017
1.7099745214917435e+18 8.471092010612 -9.376867553746 0.24677242007 -0.613396108 -0.301857919 0.419720173 0.597044349
1.7099745216585444e+18 8.336361900174 -9.306615577754 0.237232945686 -0.625797927 -0.277359575 0.397550166 0.611066639
1.709974521791985e+18 8.237257121962 -9.24548376081 0.220582145916 -0.632251859 -0.261241883 0.380352557 0.622368336
1.709974521925426e+18 8.14401892084 -9.186635372068 0.20330145983399997 -0.636416376 -0.2434064 0.37571454 0.628144979
1.709974522058864e+18 8.056463966496 -9.140892620266 0.18315828471599999 -0.640745521 -0.254780293 0.357849866 0.62966311
1.709974522192299e+18 7.9711346588500005 -9.099414264710001 0.158000504134 -0.626967192 -0.253637642 0.363495171 0.640664816
1.709974522325734e+18 7.8742783547999995 -9.054571044992 0.112100960312 -0.638951957 -0.235745713 0.35126105 0.642479599
1.709974522459169e+18 7.777896427114 -9.022829895002 0.06362622340799999 -0.630162179 -0.225480467 0.352204889 0.654221594
1.7099745225926042e+18 7.684572624124001 -8.990794845714001 0.03263597865 -0.636443496 -0.210473925 0.349791586 0.654435813
1.7099745227927572e+18 7.545305618422001 -8.926025665215999 0.011274322752 -0.653964877 -0.206096455 0.345043004 0.640936434
1.7099745229595517e+18 7.427922714079999 -8.848198642734 0.003681241982 -0.651319265 -0.208107099 0.346775264 0.642044842
1.7099745230929892e+18 7.331276847861999 -8.773794265918001 0.004105425302 -0.650990546 -0.212603584 0.352265328 0.637902975
1.709974523226428e+18 7.236962204054 -8.697988872385999 0.011197925024 -0.644435525 -0.226055264 0.353084266 0.639479101
1.7099745233598664e+18 7.140314197434001 -8.617204307646 0.016102394968 -0.643050373 -0.227994829 0.343221545 0.645525813
1.7099745234933053e+18 7.040888412404 -8.532941455764 0.018658075721999998 -0.636594713 -0.227631196 0.338107646 0.654686511
1.7099745236267448e+18 6.936950698854001 -8.442498866868 0.02078462177 -0.633935153 -0.212926105 0.333129019 0.664690733
1.709974523760184e+18 6.8317660521 -8.351049030148 0.0285011188 -0.635153592 -0.203625545 0.322920471 0.671445489
1.7099745238936238e+18 6.731850196918 -8.260962402484 0.03631254825 -0.63456434 -0.202625722 0.314859301 0.676117301
1.7099745240270612e+18 6.637437111074 -8.172794681678 0.03995278749 -0.630684018 -0.199016795 0.316509962 0.680037856
1.7099745241604923e+18 6.546189151699999 -8.083987087264 0.039470293456 -0.628759563 -0.200035751 0.324909538 0.677555084
1.7099745242939233e+18 6.454102294992 -7.9942692602520005 0.04094965831 -0.620110095 -0.208600193 0.339623362 0.675725877
1.7099745244273544e+18 6.364495036966001 -7.907175128886 0.045237659565999996 -0.613179505 -0.223500401 0.351332128 0.67128551
1.7099745245607852e+18 6.276178939888 -7.824161350236 0.05072083691399999 -0.605894685 -0.239316151 0.35443452 0.670817196
1.709974524694216e+18 6.187134513714 -7.735798885385999 0.048796975678 -0.61205864 -0.239086464 0.355143636 0.664902151
1.709974524827647e+18 6.09539862459 -7.644476024658 0.041796040506 -0.61233443 -0.236645073 0.352890134 0.666719019
1.7099745249944358e+18 5.978924882832 -7.5294678572519995 0.038525870526 -0.62669611 -0.232479781 0.345492929 0.65866524
1.709974525127867e+18 5.890422958244 -7.437550777469999 0.039474300492 -0.633914232 -0.22641319 0.336768538 0.658389509
1.7099745252946557e+18 5.780570873396 -7.321835681996 0.037503079262 -0.636805058 -0.226736069 0.319969654 0.663844526
1.7099745254614444e+18 5.672907341178 -7.20587376784 0.035912655108 -0.631474078 -0.221078381 0.325492918 0.668146074
1.7099745256282327e+18 5.563408363194 -7.092283737 0.041128087352 -0.622020185 -0.235705063 0.333309919 0.668160558
1.7099745258283786e+18 5.432529977776 -6.966071006818001 0.04997301381599999 -0.625352085 -0.2444572 0.337908417 0.659540236
1.7099745259951667e+18 5.3186660214820005 -6.864266204796 0.049369119756 -0.623439014 -0.247712687 0.340236664 0.658939481
1.709974526161962e+18 5.196684873534 -6.762001293013999 0.04954443637 -0.627320349 -0.248019233 0.335073024 0.657785475
1.7099745263621158e+18 5.054008062334 -6.636559692488 0.059747413682 -0.641641855 -0.241447449 0.325982451 0.650948882
1.709974526528911e+18 4.939503162418 -6.5306695441019995 0.065589597744 -0.639291465 -0.231213063 0.321397454 0.659204662
1.7099745266623473e+18 4.847623533126 -6.444245246736001 0.066544314276 -0.632137835 -0.230738401 0.318961591 0.667401731
1.709974526795784e+18 4.7544730739 -6.356897163386001 0.068109545416 -0.623746574 -0.233620837 0.328977823 0.669428945
1.7099745270292974e+18 4.584234621054 -6.207445682526 0.07760081307 -0.624431372 -0.258925736 0.333254486 0.657255173
1.7099745273295265e+18 4.350532415262 -6.038530491047999 0.083192399928 -0.615115523 -0.266521156 0.351493537 0.653491914
1.709974527629756e+18 4.097154277788 -5.868486068654 0.096042150556 -0.636869133 -0.24762021 0.335829258 0.648306012
1.709974527963345e+18 3.8330826911739995 -5.672803548698 0.100388136772 -0.623103201 -0.241432637 0.343419582 0.65993613
1.7099745282969193e+18 3.581576023146 -5.47537439526 0.104972291798 -0.619916201 -0.255269736 0.354380399 0.651886344
1.7099745286304922e+18 3.313340978772 -5.293874668148 0.104031006354 -0.607359707 -0.266154259 0.364334643 0.653862655
1.7099745289640648e+18 3.0453509694739997 -5.104887636068 0.11912205857199999 -0.613735676 -0.263088852 0.365199387 0.648646414
1.7099745292976387e+18 2.796123984412 -4.917538808886 0.12302433044 -0.59184438 -0.267496675 0.396058887 0.649078667
1.709974529597855e+18 2.574513925676 -4.764090793572 0.12721355829599998 -0.599330068 -0.292556524 0.40484345 0.625552535
1.709974529964786e+18 2.281941574066 -4.581173643112 0.126010975508 -0.581019282 -0.297253758 0.421836853 0.629373074
1.7099745302983565e+18 2.00833430281 -4.425637300436 0.138594207004 -0.592175841 -0.299232215 0.420175791 0.619063973
1.709974530631926e+18 1.7398192693199999 -4.2788462524940005 0.141790052338 -0.57405591 -0.339977354 0.449332744 0.594117284
1.7099745309321385e+18 1.50469714373 -4.169174644338 0.156775506778 -0.555000246 -0.366832137 0.474761456 0.576203465
1.7099745312990828e+18 1.191676125574 -4.0723479442579995 0.158102490942 -0.549446642 -0.383528173 0.484936386 0.562006414
1.709974531599314e+18 0.9363974495040001 -4.009812257726 0.18034256475399998 -0.542580605 -0.386661828 0.492705286 0.5597682
1.709974531932905e+18 0.6506926366160001 -3.963925409334 0.177643232096 -0.535229146 -0.394516379 0.521588802 0.534632325
1.7099745322664768e+18 0.35681131343 -3.944655729168 0.186526960686 -0.531795979 -0.41003257 0.526461601 0.521444798
1.7099745325666844e+18 0.07564847323 -3.94381433501 0.186289972968 -0.540852964 -0.373356849 0.513462782 0.55175966
1.709974532900247e+18 -0.22422343273 -3.9437911511239996 0.192014638376 -0.560609758 -0.358758837 0.488957763 0.563852012
1.7099745332338176e+18 -0.512943413422 -3.934394212628 0.19000005334199999 -0.553329885 -0.363087207 0.506487846 0.552687943
1.7099745335673917e+18 -0.779459288256 -3.937091026396 0.204415464462 -0.538415134 -0.38485679 0.520380318 0.539628327
1.7099745339009649e+18 -1.053229737582 -3.9586284409759998 0.20616249924600002 -0.515375197 -0.404719353 0.54264015 0.525482953
1.7099745342345367e+18 -1.3365276686079999 -3.956219463218 0.21209209645799998 -0.519442499 -0.408865213 0.542042196 0.518843889
1.7099745346014643e+18 -1.6530548829079998 -3.935385410242 0.216646201706 -0.511693656 -0.414444864 0.54999423 0.513723254
1.7099745356689265e+18 -2.5209673205420002 -3.882875122082 0.22876086356199998 -0.544183016 -0.377251387 0.522775888 0.536890686
1.7099745357690033e+18 -2.607260005064 -3.8680567360600002 0.23016212524799998 -0.533613205 -0.371035457 0.526964605 0.547629416
1.709974536202673e+18 -2.982618755292 -3.808096237 0.24553979872399997 -0.541254401 -0.375351101 0.52888912 0.535193026
1.7099745367030648e+18 -3.4635061645799996 -3.7654964981699997 0.23778775262000001 -0.567726254 -0.355680406 0.49716264 0.551369011
1.7099745372034532e+18 -3.939301692898 -3.7063303126519997 0.23151554747199998 -0.572950959 -0.341973692 0.49418962 0.557277262
1.709974537637118e+18 -4.348632768656 -3.6469636765980002 0.214420532568 -0.585650802 -0.313386858 0.464007705 0.586087584
1.7099745379707072e+18 -4.658100063496 -3.549411857464 0.192716707062 -0.624297082 -0.250402749 0.401119918 0.621815443
1.7099745383376384e+18 -4.952563858022 -3.387698987816 0.163421796076 -0.631968319 -0.15879932 0.342539817 0.676805198
1.7099745386712102e+18 -5.1737378825 -3.210461874092 0.18092181483199998 -0.640099823 -0.116913989 0.279062182 0.706206501
1.7099745390381394e+18 -5.382064859248 -3.001828513926 0.192074849758 -0.626941085 -0.060178276 0.216220886 0.746037543
1.7099745394717888e+18 -5.5522933255460005 -2.739284563224 0.21917709486200002 -0.651340306 0.009493073 0.141046405 0.745500922
1.709974539872081e+18 -5.622151176598 -2.4650914546280003 0.246885017632 -0.651822627 0.053060923 0.098898008 0.750020623
1.709974540305729e+18 -5.667184146712 -2.191085778376 0.330097775876 -0.671542227 0.059089031 0.08776971 0.733373046
1.709974540739376e+18 -5.725836008178 -1.894186790562 0.348205634392 -0.659227788 0.07109274 0.090196602 0.743121207
1.7099745410395932e+18 -5.757007905858 -1.6618153362360002 0.36667839274 -0.643978536 0.105751224 0.054665189 0.755724847
1.7099745414065316e+18 -5.762540992758 -1.362330906244 0.370356439266 -0.628977299 0.145892799 0.012569475 0.76350826
1.709974541740112e+18 -5.780958221455999 -1.0839619455279998 0.37958605278 -0.639291883 0.14885287 0.018918252 0.75418222
1.7099745420069763e+18 -5.80765171822 -0.863524364076 0.374387481952 -0.632518232 0.141400769 0.027564624 0.761030018
1.7099745423084078e+18 -5.824702171398 -0.60810943831 0.38904554277600006 -0.62343663 0.160794601 0.010509743 0.765089154
1.7099745426101796e+18 -5.807647794586 -0.37402050866399994 0.38584180604199997 -0.634700418 0.195112005 -0.016238924 0.747544706
1.7099745429120356e+18 -5.790771041968 -0.13588915626 0.3714976408 -0.641028941 0.167008907 0.009423253 0.74906683
1.7099745440465764e+18 -5.453019840422 0.8135065151399999 0.378020387052 -0.577361643 0.296770751 -0.142482489 0.747181058
1.709974544379993e+18 -5.28152981752 1.065352112814 0.38310562466 -0.571252406 0.313536227 -0.175654426 0.737910092
1.7099745446800556e+18 -5.096478685518 1.279844024778 0.369926669134 -0.536395252 0.362606525 -0.234698921 0.725060701
1.7099745449801068e+18 -4.89641406628 1.471111274644 0.37179733635 -0.529357433 0.402662605 -0.297712833 0.68484354
1.709974545247544e+18 -4.688980201905999 1.6141108762679999 0.337487218134 -0.49967131 0.425078541 -0.333635628 0.676996469
1.7099745456159242e+18 -4.389741252798 1.754642827014 0.322420274704 -0.477283448 0.436998904 -0.362844735 0.670504391
1.709974545883894e+18 -4.160187168148 1.8398852843800002 0.31142325126000003 -0.444759369 0.456944436 -0.40710035 0.653957427
1.7099745461850086e+18 -3.9015830404100003 1.910279573356 0.30976052542599997 -0.422454685 0.506805718 -0.441929162 0.607765377
1.709974546418496e+18 -3.7085038850859995 1.9348850995540001 0.307732676482 -0.395886034 0.517224073 -0.471021801 0.59488821
1.7099745466186243e+18 -3.535884632016 1.9375136097019998 0.305398021126 -0.379179984 0.524882734 -0.478784502 0.592862666
1.7099745468854572e+18 -3.3088215597799997 1.9346887503019998 0.29722327162 -0.387592226 0.542375982 -0.480199277 0.570095778
1.7099745471189312e+18 -3.112554807692 1.930532604242 0.28196249782800004 -0.390030801 0.546876609 -0.487684727 0.557642937
1.7099745473188874e+18 -2.931190438286 1.9263593379580002 0.278196865738 -0.384616613 0.554264188 -0.492248267 0.550048113
1.7099745475188334e+18 -2.7511117009859998 1.9085680723119998 0.287558114162 -0.375374407 0.563516796 -0.507403851 0.532995522
1.7099745477520916e+18 -2.54468668927 1.8719827520239998 0.287348010686 -0.351797253 0.567966878 -0.529831171 0.522428215
1.7099745480519747e+18 -2.279777274962 1.822045689706 0.278614352588 -0.34858492 0.567094028 -0.528250873 0.527109087
1.7099745483185759e+18 -2.052324893036 1.784215219446 0.27332023747600004 -0.355400711 0.565548122 -0.529906094 0.522537231
1.7099745485518374e+18 -1.8489678145400001 1.743903010476 0.271087122746 -0.34170115 0.559271812 -0.544421017 0.523508489
1.7099745488184049e+18 -1.627110401928 1.6844268750759999 0.273324562412 0.333132565 -0.584917367 0.554767132 -0.489006966
1.7099745490516365e+18 -1.4464780174679999 1.61950646506 0.27160329735 0.310387731 -0.594203413 0.566858888 -0.478803486
1.7099745493182254e+18 -1.240911253098 1.544181868724 0.275800170888 0.308152854 -0.596240461 0.559916496 -0.485831946
1.7099745504178596e+18 -0.4725047184 1.12115254218 0.300597275594 -0.176345289 0.635362267 -0.659356952 0.361200213
1.709974550717764e+18 -0.3166952525 0.9449034156539999 0.289148212188 -0.134175792 0.649739802 -0.678189337 0.316060573
1.7099745512842324e+18 -0.03191901878 0.639349104416 0.256342880354 -0.052714162 0.664990187 -0.707486629 0.233392254
1.7099745517174413e+18 0.11885622498199999 0.37261291628 0.23893967636000002 0.056815591 0.676966846 -0.723172963 0.124534599
1.7099745523505853e+18 0.153298546588 -0.029906250638000002 0.182805589626 0.152881026 0.68805176 -0.708914578 0.025539687
1.7099745527171592e+18 0.135104495284 -0.26480076244600004 0.177034690338 0.163407579 0.665013373 -0.72864157 -0.011688553
1.7099745530503805e+18 0.121413400614 -0.47687549333599993 0.196011395734 0.153439671 0.65961802 -0.735375047 -0.024163544
1.7099745534169672e+18 0.09501175250600001 -0.683829452878 0.194095252736 0.120908186 0.666141748 -0.735792279 0.015687685
1.7099745537168911e+18 0.069379556664 -0.850147833326 0.20623401253399998 0.063178912 0.667309046 -0.738051176 0.077378981
1.7099745540167936e+18 0.076440791482 -0.9621567271799999 0.21021998036599998 -0.001641368 0.671413839 -0.72849822 0.135981873
1.7099745543833633e+18 0.101135915364 -1.0794638381780002 0.22202362232599998 -0.079273604 0.651209652 -0.72123462 0.222401559
1.709974554616629e+18 0.126614033304 -1.172247101212 0.234345891208 -0.135646284 0.640128732 -0.703366816 0.277687669
1.7099745549831613e+18 0.163844399246 -1.242795027892 0.260160364178 -0.253099561 0.611211538 -0.644996345 0.382545143
1.7099745552497505e+18 0.190021988816 -1.231239408146 0.276541027862 -0.32502827 0.574910164 -0.583409369 0.472724468
1.709974555516352e+18 0.218644290722 -1.209120436282 0.291433579954 -0.408223748 0.529217303 -0.504754901 0.546356022
1.7099745557829356e+18 0.239409973506 -1.169827602086 0.30071602583 -0.466453016 0.4840478 -0.434205145 0.599654198
1.7099745560161815e+18 0.24972706457599997 -1.108920222168 0.305373789666 -0.50098151 0.444550216 -0.376967549 0.639756322
1.7099745562827704e+18 0.260011809508 -1.022700477744 0.299746629798 -0.538448155 0.387203187 -0.323698968 0.674808323
1.709974556516042e+18 0.26258251645999997 -0.9283341160940001 0.303037729566 -0.567000687 0.355660915 -0.269864529 0.692234576
1.7099745573824253e+18 0.25378588312 -0.809559914922 0.311044195902 -0.650944829 0.189259633 -0.047636904 0.73360914
1.7099745579155817e+18 0.232237835346 -0.790158533274 0.31147766639 -0.657488167 0.141196504 0.008373938 0.740069389
1.7099745580821783e+18 0.23069368097600002 -0.788578287904 0.310258888654 -0.659220934 0.139059246 0.01739727 0.738774359
1.7099745585833592e+18 0.228394982728 -0.7856739793099999 0.313563118066 -0.654611886 0.128638744 0.015071566 0.744787395
1.7099745598851656e+18 0.160345715266 -0.807968167182 0.325530206254 -0.666184425 0.049492285 0.064013161 0.741384566
1.709974560351942e+18 0.224410753622 -0.7979541825419999 0.333485378116 -0.640391886 0.129859701 -0.050712656 0.755290031
1.7099745605853294e+18 0.20649471933199998 -0.778988032174 0.34667391926200003 -0.627384961 0.123374932 -0.040282752 0.767817736
1.7099745608187092e+18 0.153044493998 -0.758173061426 0.35688142197399997 -0.629979908 0.103307545 0.011130882 0.76962918
1.7099745610187443e+18 0.10843459492799999 -0.762009627478 0.357044511406 -0.645425558 0.073458493 0.060091663 0.757904172
1.7099745612190013e+18 0.075829011632 -0.7762227371360001 0.347037035862 -0.664677203 0.039738044 0.086123601 0.741085589
1.7099745614529733e+18 0.06769790456 -0.8021953062639999 0.330657865934 -0.672367513 0.012022335 0.100799896 0.733223557
1.7099745616869883e+18 0.085207787566 -0.816585504922 0.318440481612 -0.684793472 0.029596157 0.072755396 0.724491954
1.7099745619210463e+18 0.108908157842 -0.817955758268 0.30242899819 -0.695705295 0.057588458 0.028393576 0.715451956
1.7099745621550738e+18 0.123558104736 -0.810905914368 0.304287360058 -0.687896907 0.090720609 -0.005385743 0.72009629
1.709974562355315e+18 0.11609224492800001 -0.8020369430700001 0.309495093138 -0.68226701 0.102172196 -0.006944013 0.723895252
1.7099745625889382e+18 0.087006657254 -0.7856796861759999 0.31503952645 -0.682449341 0.090321876 0.015705829 0.725160897
1.7099745627891942e+18 0.031295995368 -0.780062691628 0.322862483702 -0.6846295 0.055601899 0.054693997 0.724706471
1.7099745629894574e+18 -0.045776438356 -0.7797183229 0.33372287858800004 -0.685546219 0.027658526 0.100583635 0.720516801
1.709974563189692e+18 -0.13821025823 -0.7715464711460001 0.34125240479 -0.681503832 0.012079385 0.137228921 0.718731463
1.7099745633898606e+18 -0.232974902578 -0.760920612034 0.34162129482799997 -0.686312914 0.010078997 0.140450329 0.713545203
1.7099745636233915e+18 -0.32090242525 -0.732646959286 0.339234030014 -0.69683075 0.033184301 0.136832669 0.703279853
1.7099745638569234e+18 -0.374953657738 -0.6758310339 0.336233686822 -0.69921422 0.052322451 0.109900855 0.704474092
1.7099745641238185e+18 -0.40499262452 -0.5658784111199999 0.334360589728 -0.702215314 0.097917646 0.06469845 0.702225029
1.7099745643906816e+18 -0.420317309676 -0.419881721226 0.33260764761399997 -0.701462805 0.14778997 0.024725981 0.696775913
1.7099745646575442e+18 -0.43433995572 -0.267934635606 0.337388018 -0.702871621 0.140087366 -0.001518684 0.697384179
1.709974564891049e+18 -0.44323344832800005 -0.11270817586599999 0.33459610612999996 -0.689955652 0.127868071 0.000212747 0.712468207
1.7099745651579116e+18 -0.43933375107600003 0.08540565825 0.348245091392 -0.677910328 0.113570884 -0.004956853 0.726302147
1.7099745653914204e+18 -0.424609125732 0.251547908634 0.35691577424800003 -0.679976881 0.111856349 -0.005375801 0.724631429
1.7099745656916457e+18 -0.407064321972 0.47157549295999995 0.353188172348 -0.673610985 0.068964817 0.03395446 0.735077679
1.7099745661586621e+18 -0.472128694686 0.765130437192 0.36911289487599996 -0.674203157 -0.056794435 0.157958522 0.71921736
1.7099745666590362e+18 -0.649846650112 1.088868534182 0.37819640566400003 -0.65211463 -0.1416969 0.254036099 0.700095832
1.7099745669259018e+18 -0.7824346643300001 1.2730123762180001 0.36611145923 -0.643946886 -0.184530213 0.29540059 0.681189775
1.7099745671927693e+18 -0.946938777136 1.488832810234 0.36989996329 -0.62724179 -0.231552273 0.35856244 0.651447833
1.7099745673929231e+18 -1.0841355567020001 1.6136067171619999 0.37267011808399997 -0.619460762 -0.269536644 0.389248997 0.626181781
1.709974567626436e+18 -1.253370952768 1.696874447796 0.36768064729 -0.592141926 -0.304181159 0.427036345 0.611949086
1.709974567859949e+18 -1.433742608364 1.774247245782 0.371185595396 -0.590570807 -0.319583267 0.437700927 0.597921908
1.709974568126821e+18 -1.6540967283499999 1.855771552976 0.374622842396 -0.589666545 -0.327302009 0.442763656 0.590869784
1.7099745683937e+18 -1.893500371158 1.9323680496339999 0.37790696444599997 -0.559062064 -0.362209231 0.478334308 0.572232783
1.7099745686605796e+18 -2.138531262472 1.9983747108599998 0.37707827656400006 -0.541015625 -0.384516239 0.499403358 0.556817532
1.7099745689608192e+18 -2.42902170643 2.050772111982 0.362401623826 -0.534851313 -0.388724416 0.509156466 0.550987482
1.709974569227699e+18 -2.688572091194 2.101656322568 0.37515968162200003 -0.558579504 -0.37371853 0.487453818 0.557415724
1.709974569494578e+18 -2.948306697886 2.1507862311759998 0.369714983264 -0.547737181 -0.375824541 0.489734471 0.564712465
1.7099745697614574e+18 -3.2057270239939997 2.198274190024 0.371603461482 -0.531553984 -0.395634055 0.511924028 0.54667902
1.709974570095058e+18 -3.537945852232 2.227346703406 0.370510834694 -0.512737274 -0.415916622 0.539681196 0.522358179
1.7099745703952763e+18 -3.8254370230120003 2.23180869769 0.383016322436 -0.509063661 -0.4206599 0.545864642 0.51568532
1.7099745706954913e+18 -4.119813789234 2.232629761582 0.38258211629 -0.489979833 -0.43353948 0.55827266 0.510191083
1.709974570962348e+18 -4.367479789552 2.2163424127680003 0.389025658318 0.462345541 0.458462656 -0.586903691 -0.48124072
1.709974571262563e+18 -4.618529558236 2.147228584226 0.392668773244 0.432727218 0.493260294 -0.614202023 -0.438403219
1.709974571562778e+18 -4.904961763349999 2.062900639514 0.379974381842 0.408536553 0.502799451 -0.640784502 -0.411929399
1.7099745718629932e+18 -5.142877361138 1.949810487724 0.38017875638599996 0.38994208 0.521218181 -0.660006106 -0.375058413
1.70997457212985e+18 -5.328118957502 1.8358589679319999 0.38219414365 0.348458111 0.539816856 -0.688999116 -0.335343063
1.7099745723633495e+18 -5.45493874728 1.7369514302140001 0.392717370056 0.305876821 0.5754354 -0.70388186 -0.282601982
1.709974572563491e+18 -5.553068735258 1.646331574294 0.39845567823600003 0.2616494 0.599095523 -0.719524264 -0.234326661
1.7099745727302756e+18 -5.630395700292 1.5588203125 0.40039344441799996 0.245876327 0.605412066 -0.729006767 -0.20388782
1.709974572930417e+18 -5.715159679262 1.443409995236 0.40908225093999995 0.2237982 0.603388011 -0.74370414 -0.180945873
1.7099745731639158e+18 -5.814083980408 1.30490671773 0.411727703288 0.217382774 0.614028215 -0.740717113 -0.164475784
1.7099745734307832e+18 -5.926747371644 1.123276715198 0.40701741938 0.200458616 0.616273999 -0.749578059 -0.134742036
1.7099745736976507e+18 -6.00447880571 0.927523752342 0.412946369946 0.170274317 0.644675136 -0.739580214 -0.091769964
1.709974573997876e+18 -6.064836639378 0.688691189582 0.41093535175 0.128092423 0.645778358 -0.750558317 -0.056788392
1.7099745742313853e+18 -6.093928413386 0.48880428354999994 0.417168946634 0.119803697 0.660201967 -0.739856005 -0.048924003
1.709974574498255e+18 -6.12163343803 0.255192628394 0.420869976208 0.10479439 0.654683053 -0.747831166 -0.034011975
1.7099745754990124e+18 -6.134963066188 -0.601939465314 0.419195569232 0.062336769 0.667123318 -0.742154539 0.016350681
1.709974576032746e+18 -6.098405387865999 -1.074716236924 0.411097370794 0.041756973 0.654949427 -0.752993464 0.047942918
1.709974576533153e+18 -6.026776649432 -1.4512271341699998 0.39369434519799995 0.027767111 0.653687418 -0.754584014 0.050247245
1.7099745770335706e+18 -5.938827570148 -1.853219727414 0.40145276688000003 0.033457607 0.659757972 -0.748647034 0.055925883
1.7099745776006508e+18 -5.83103884517 -2.150831172138 0.355901571146 -0.085124582 0.658315837 -0.729224086 0.166151613
1.7099745781010004e+18 -5.662997505066 -2.382690442066 0.247275486722 -0.160864294 0.619568825 -0.726999283 0.248453811
1.709974578634738e+18 -5.42657423198 -2.6434103611079998 0.21866979266 -0.243355006 0.597934783 -0.674037278 0.35906288
1.709974579168479e+18 -5.1319688376879995 -2.8404744587560002 0.22640824049799999 -0.312675416 0.569150567 -0.613188803 0.449779004
1.7099745796688778e+18 -4.749186805682 -2.971444152908 0.22987975076 -0.325263917 0.563925445 -0.585724533 0.482823342
1.7099745801692826e+18 -4.28468072879 -3.068723829446 0.224667135484 -0.341175616 0.539656639 -0.569147408 0.518113017
1.709974580669743e+18 -3.811360162676 -3.111166275096 0.21812907468 -0.35922873 0.525146544 -0.563309312 0.527122855
1.7099745811702093e+18 -3.3154735335039995 -3.150367622534 0.215478004478 -0.33855167 0.551736772 -0.560128093 0.516939044
1.7099745816706637e+18 -2.814704034758 -3.18394778438 0.210478636148 -0.354522258 0.534156024 -0.553771734 0.531345665
1.709974582204475e+18 -2.259081254914 -3.193202766314 0.19207957562199998 -0.332716227 0.555661678 -0.563151717 0.513225317
1.7099745827715482e+18 -1.6637376319080002 -3.208416347664 0.18060876636 -0.350756198 0.527127862 -0.556340516 0.538137019
1.7099745832719055e+18 -1.159263179954 -3.215716041516 0.172724037398 -0.36124742 0.52136451 -0.542046189 0.551239789
1.709974583772262e+18 -0.659433383884 -3.25293071367 0.16104555453799999 -0.362861514 0.54130429 -0.529718578 0.542880774
1.709974584273085e+18 -0.147339679762 -3.314664953358 0.154220214984 -0.38399303 0.517202795 -0.519889235 0.561039984
1.709974584809218e+18 0.429527306142 -3.3704070664 0.13523879457000001 -0.346617043 0.545064807 -0.543497503 0.536070406
1.709974585344607e+18 1.021664963374 -3.52401130488 0.085726542396 -0.326984823 0.550889611 -0.558975399 0.526448488
1.7099745858447365e+18 1.565670418708 -3.7834768009940003 0.04023007109 -0.229489371 0.596469879 -0.624884963 0.448416293
1.7099745863448532e+18 1.993320815948 -4.0964994239840005 0.012405008527999998 -0.171283007 0.607679486 -0.672428191 0.386300623
1.7099745868449687e+18 2.419700739676 -4.406205690238 -0.00568987705 -0.192082539 0.613705337 -0.663730204 0.382011026
1.709974587345081e+18 2.85723992917 -4.745561569078 -0.01609326488 -0.15736942 0.629461706 -0.679428816 0.342621416
1.7099745878785492e+18 3.2737619134 -5.127387357884 -0.01247578915 -0.174962685 0.616136491 -0.678557098 0.359616697
1.7099745883786616e+18 3.662002487 -5.499911083392 -0.013574592174 -0.152306497 0.61499089 -0.699258626 0.331098735
1.709974588912105e+18 4.065917465301999 -5.8868009320559995 -0.019549667786 -0.161807701 0.608750463 -0.69538343 0.345952332
1.7099745894122268e+18 4.45621997271 -6.21364967344 -0.044943046676 -0.181375086 0.597072482 -0.69739902 0.352479964
1.709974589912374e+18 4.837318502434 -6.555061778848 -0.05061992049399999 -0.168812603 0.611038268 -0.694334328 0.34063834
1.7099745904125228e+18 5.23001358022 -6.872242153106001 -0.06455235025799999 -0.214373574 0.59405899 -0.670533419 0.389259487
1.709974590946014e+18 5.668667554880001 -7.273697505822 -0.084869950374 -0.182843238 0.602592468 -0.698344588 0.340243369
1.709974591446171e+18 6.076268760583999 -7.62771733075 -0.09889756164199999 -0.185374424 0.594429493 -0.698471665 0.352742523
1.7099745919796718e+18 6.509855464969999 -7.9703321419919995 -0.11837775743199999 -0.201454207 0.604198813 -0.688386559 0.347107977
1.7099745925131827e+18 6.915968982823999 -8.286274143158 -0.12628867985800002 -0.226134434 0.595305443 -0.657544553 0.402628809
1.7099745930466875e+18 7.330379455432 -8.594268016752 -0.13098538794 -0.247438043 0.583395958 -0.649044454 0.420909554
1.709974593546849e+18 7.722449283757999 -8.873217197328 -0.11631312670999999 -0.252918988 0.588566244 -0.639892995 0.424451202
1.7099745940469896e+18 8.104124912311999 -9.13658613593 -0.08763440914800001 -0.276424706 0.574804544 -0.616617441 0.461489111
1.7099745945471542e+18 8.503380298666 -9.345853305668001 -0.025675058112000004 -0.285149336 0.580214143 -0.613631308 0.453319043
1.7099745949806223e+18 8.829393352384 -9.481226856178 0.095248884962 -0.291379005 0.575445116 -0.607768059 0.463227063
1.7099745954807798e+18 9.217372840698 -9.609222957487999 0.131095990212 -0.339130372 0.543775141 -0.55689925 0.528358161
1.709974595980925e+18 9.644692066174 -9.641649635265999 0.137548805944 -0.382654041 0.511470199 -0.520246506 0.566849053
1.7099745964811162e+18 10.09648128137 -9.619768386778 0.139387717942 -0.392401963 0.498106867 -0.497466564 0.591977477
1.7099745969813335e+18 10.547670570272 -9.563906787841999 0.14426707640400002 -0.426240116 0.479929566 -0.466794699 0.608350098
1.709974597481538e+18 11.008052780296001 -9.57815520871 0.168173899916 -0.373373747 0.519537926 -0.514083087 0.571306348
1.7099745979817262e+18 11.451896007574 -9.681947399234 0.164668740126 -0.369924188 0.528747857 -0.530167997 0.550003469
1.7099745984819164e+18 11.895935405706 -9.751445365794 0.17225812054 -0.355128765 0.519276619 -0.550060868 0.54924351
1.7099745989820966e+18 12.306672134284 -9.777191535892 0.18433886508400002 -0.380658299 0.494937152 -0.518306255 0.584375858
1.709974599482256e+18 12.669003181317999 -9.747729534048 0.187095722308 -0.444081247 0.455772877 -0.44381693 0.630943298
1.7099745999823885e+18 13.085133537432 -9.675937439145999 0.20733430781800002 -0.387561172 0.519395113 -0.470231801 0.599088609
1.7099746004832788e+18 13.510988258196 -9.693645599374 0.222796602534 -0.334589183 0.550083578 -0.516947985 0.564112604
1.7099746009848148e+18 13.901781906143999 -9.805397331202 0.23237234594199999 -0.297096789 0.561705649 -0.571954846 0.518736839
1.709974601485673e+18 14.246671585102 -9.975251289234 0.24655805897799998 -0.26219666 0.580079913 -0.61307627 0.467865139
1.7099746019860221e+18 14.584638931346 -10.094993236724 0.265105094848 -0.347451329 0.525620103 -0.553969324 0.544168234
1.709974602486385e+18 14.921208114494 -10.069791351444 0.279164990918 -0.383313417 0.465618521 -0.499368995 0.622013569
1.7099746029867553e+18 15.15642761248 -9.945626644139999 0.277888944432 -0.484967142 0.374051869 -0.363297552 0.702073395
1.7099746034871089e+18 15.196094062952 -9.839511077726 0.305151893596 -0.623538017 0.14303571 -0.073937409 0.765032291
1.7099746039874486e+18 15.066939483552 -9.78172985834 0.320071954136 -0.656328022 -0.065265954 0.198545977 0.724950671
1.7099746044878362e+18 14.836602142295998 -9.835604068774 0.32770395708600003 -0.625654936 -0.193789542 0.337407768 0.676134348
1.7099746049882563e+18 14.614241462568 -9.87427468478 0.322460266898 -0.592013597 -0.266952932 0.44174397 0.618965566
1.7099746055220035e+18 14.358868446494 -9.832656513064 0.323039260412 -0.556047201 -0.32648614 0.516432762 0.563485265
1.709974606022372e+18 14.054405647149999 -9.749073482478 0.31825518967 -0.527688861 -0.349703699 0.543697417 0.551039875
1.7099746065560804e+18 13.678619422776 -9.64107895652 0.31241366871 -0.534269273 -0.347110003 0.532419205 0.557315767
1.7099746070564216e+18 13.294478462144001 -9.604670368062 0.307512719976 0.492812961 0.420139134 -0.600103915 -0.469567686
1.7099746075567898e+18 12.886655761672001 -9.711025619482 0.297501833926 0.452849865 0.449328989 -0.650627434 -0.411964208
1.709974608057167e+18 12.420445495435999 -9.778575432010001 0.282383707848 0.488232851 0.43003723 -0.628789783 -0.425816983
1.7099746085909181e+18 11.882682106086 -9.825854736258 0.275420937132 0.499290437 0.387539387 -0.60170269 -0.488340318
1.7099746091246748e+18 11.35236678686 -9.79522141653 0.272422778474 -0.526100993 -0.355897248 0.562419057 0.529376864
1.7099746096250427e+18 10.856306457502 -9.73663054661 0.271018752928 -0.518963158 -0.375411421 0.568617404 0.516156733
1.7099746101254054e+18 10.364773036859999 -9.690710884206 0.27785503796600003 -0.527443051 -0.357937664 0.546099186 0.543562531
1.7099746106591255e+18 9.816061889590001 -9.639119388755999 0.279735937074 -0.507527351 -0.371012062 0.576987743 0.521393538
1.7099746111928445e+18 9.285078876392001 -9.55166858294 0.268781380208 -0.555382013 -0.329315573 0.536890864 0.543001175
1.709974611726571e+18 8.77321074663 -9.403093093855999 0.25432546414 -0.580302894 -0.27123788 0.502696335 0.580495417
1.7099746122269394e+18 8.34728825744 -9.226913162192 0.21387051844399999 -0.575134218 -0.255699962 0.464210659 0.623174608
1.7099746127606723e+18 7.913416213868 -9.022022384496 0.14650313376600002 -0.602912545 -0.209582329 0.412557274 0.649898708
1.7099746133277622e+18 7.474052814316 -8.693633880624 0.02488584406 -0.602034748 -0.194607094 0.39206174 0.667809784
1.709974613828129e+18 7.068928710843999 -8.351798759524 0.030377116264 -0.620646596 -0.175733998 0.359786332 0.674143255
1.709974614361856e+18 6.648755096456 -7.950028820074 0.035651374594 -0.58920598 -0.213471398 0.382579505 0.678895652
1.709974614862232e+18 6.242702213352 -7.56849443449 0.049080497972 -0.595420599 -0.192944974 0.369341254 0.68690145
1.7099746153959654e+18 5.819605297154 -7.181029983446 0.042223185906 -0.60142988 -0.204824835 0.382169098 0.671025872
1.7099746159296952e+18 5.3878929158340005 -6.826684871644 0.04283363656 -0.603742063 -0.21092096 0.382855356 0.66665566
1.7099746164300675e+18 5.018776855422 -6.487915008542 0.050628213196 -0.596799731 -0.202457711 0.392617762 0.669845045
1.7099746169304412e+18 4.630529148146 -6.163475601338001 0.05758836479 -0.583765924 -0.224614769 0.414449543 0.661057711
1.7099746174308111e+18 4.229318830506 -5.85412600916 0.082805341718 -0.591614366 -0.219092533 0.402440935 0.663349271
1.7099746179311777e+18 3.8131399669659998 -5.53560525331 0.103021807746 -0.575071335 -0.243624955 0.438314706 0.646390021
1.7099746184315492e+18 3.3767558671219997 -5.236163356842 0.105143406148 -0.585457206 -0.23741892 0.433104873 0.642878115
1.709974618931927e+18 2.974392956656 -4.930901607478 0.10149825180000001 -0.572689056 -0.26151219 0.46429044 0.622955024
1.7099746194656558e+18 2.5144359027260004 -4.649160737936 0.10507320821800001 -0.571332276 -0.272518605 0.463205844 0.620284915
1.7099746199660175e+18 2.065384518626 -4.39849261082 0.124008985298 -0.562182307 -0.263536632 0.480550647 0.619330823
1.7099746204997663e+18 1.6226239757199998 -4.21756926932 0.146603593532 -0.536835849 -0.336037636 0.530125916 0.563784182
1.7099746210001823e+18 1.181341758322 -4.09306536496 0.181968843166 -0.519672394 -0.359494239 0.553255677 0.542782307
1.709974621500591e+18 0.760208868342 -4.033803590652 0.19460830631 0.493315816 0.401649237 -0.592783093 -0.493888348
1.7099746220009953e+18 0.30158789350799997 -4.0440790177479995 0.190125067704 0.475184768 0.396414399 -0.611571014 -0.492986858
1.7099746225347382e+18 -0.21471494462000001 -4.068792615734 0.18230931069999998 0.497807801 0.395424426 -0.592584372 -0.494642079
1.7099746230351086e+18 -0.698586045124 -4.0594684389380005 0.1883487188 0.496912777 0.394198686 -0.591197014 -0.498167753
1.7099746235688673e+18 -1.218801822348 -4.033062064966 0.194026882918 -0.527478635 -0.368834019 0.555808783 0.526121974
1.7099746240692818e+18 -1.696669895228 -3.9728190803400003 0.21422688060400003 -0.514648736 -0.377693713 0.580036938 0.506005347
1.7099746245697226e+18 -2.16712654587 -3.919318307784 0.21864333216 -0.518381596 -0.387043446 0.565884173 0.51112926
1.7099746250701796e+18 -2.63555265028 -3.824729381726 0.21418425806799998 -0.526539564 -0.370632678 0.569716036 0.510696828
1.7099746255706074e+18 -3.1083856430659997 -3.756473711144 0.21291991479 -0.513372958 -0.369614571 0.568881392 0.52555418
1.709974626071027e+18 -3.6142192020439996 -3.6944359416580004 0.223562292734 -0.541330993 -0.327355921 0.530332327 0.564399362
1.709974626604802e+18 -4.157611267084 -3.588249753946 0.214880396984 -0.551752985 -0.332123071 0.52315563 0.558185697
1.7099746271052168e+18 -4.672631683522 -3.447763635778 0.188578305432 -0.574916959 -0.272674471 0.46976012 0.611918867
1.709974627638964e+18 -5.14061925685 -3.1986324175300003 0.15846830483 -0.59035486 -0.176281855 0.401723713 0.677513063
1.7099746281727055e+18 -5.496078618998 -2.89045075517 0.15611508000000002 -0.592412949 -0.093859062 0.296430796 0.743213415
1.7099746286730688e+18 -5.663399120478 -2.57393504324 0.198648043 -0.626220167 -0.017613459 0.203943908 0.752293169
1.7099746291734292e+18 -5.7425718746220005 -2.2468869209599998 0.3331061668 -0.637886107 -0.013828058 0.172597736 0.750413358
1.7099746296738063e+18 -5.7985226422639995 -1.8802823819999999 0.362305500216 -0.620522618 0.022269307 0.132959589 0.772513747
1.7099746301741837e+18 -5.832187335964 -1.489951786444 0.37848036292 -0.620658934 0.069623701 0.087697752 0.776043892
1.7099746307079055e+18 -5.812768209512 -1.042336283714 0.377697819532 -0.63526696 0.089726172 0.093581758 0.76133281
1.7099746312416264e+18 -5.795803358202 -0.5636135748319999 0.382400568836 -0.622975171 0.088458538 0.091880769 0.771773994
1.7099746317420099e+18 -5.722221471714 -0.102842879788 0.39117921240200004 -0.612793922 0.130504295 0.056088693 0.777371407
1.7099746327761244e+18 -5.403467807738 0.8005402489260001 0.388720211396 -0.585521102 0.258529693 -0.092788145 0.762704313
1.7099746329095572e+18 -5.327604276654 0.898701980528 0.380467395 -0.569440365 0.278391004 -0.117165871 0.764531493
1.7099746334766615e+18 -4.968637023767999 1.296218669306 0.353497163668 -0.532797813 0.333381623 -0.193779856 0.753281116
1.7099746339770616e+18 -4.6099037493960004 1.580049204008 0.328206243574 -0.477487862 0.400567859 -0.311267197 0.717400491
1.7099746344774584e+18 -4.156238428276 1.754626776804 0.308263563872 -0.462648839 0.425969452 -0.347518474 0.695512116
1.7099746349778522e+18 -3.662955520532 1.877904970216 0.292728619282 -0.425478458 0.45378992 -0.406429261 0.669221938
1.70997463514465e+18 -3.4925808179900004 1.898926812332 0.292287926106 -0.41159296 0.473630637 -0.428604633 0.650048733
1.7099746356450068e+18 -2.964893296068 1.9112363521240001 0.286729872088 -0.392238289 0.494021416 -0.456690103 0.627316654
1.7099746366457068e+18 -1.9715183924480002 1.72144501958 0.283624733348 -0.309065968 0.546886623 -0.547506332 0.552838266
1.7099746371460552e+18 -1.516124806482 1.58651410181 0.288633509274 -0.301710397 0.534971654 -0.550946474 0.565008163
1.7099746376484234e+18 -1.047467487792 1.396498600024 0.291485007946 -0.242939427 0.578385532 -0.602577031 0.493306875
1.7099746381513784e+18 -0.6461691163400001 1.156721608724 0.28898182370200004 -0.1965781 0.583883524 -0.637136102 0.46313566
1.709974638651957e+18 -0.30033175392 0.92452394397 0.27294327764000004 -0.111369267 0.601204455 -0.697755396 0.373212546
1.7099746391853903e+18 -0.03043468571 0.611211567472 0.23078420954599999 0.005631256 0.614252031 -0.750300586 0.244360164
1.7099746397188877e+18 0.11854434675600001 0.23521316654 0.191504371476 0.095765352 0.617764652 -0.770779431 0.122861676
1.7099746402190182e+18 0.116830783476 -0.10021666562599998 0.166054765052 0.167076439 0.618573785 -0.767748594 0.003754853
1.7099746407525376e+18 0.061817294615999996 -0.488505212206 0.17163197909 0.11576198 0.62483561 -0.770582557 0.048808094
1.7099746412526876e+18 0.092804407124 -0.822548830202 0.19700702936199999 -0.020894008 0.606961787 -0.77626878 0.169019833
1.7099746417528586e+18 0.19822629816 -1.0697531155520001 0.192304235552 -0.1608693 0.576476216 -0.716687262 0.357988387
1.7099746422530092e+18 0.317400999476 -1.203678212308 0.19251289015200002 -0.342569798 0.494583726 -0.576242566 0.553152263
1.7099746427532165e+18 0.45052444855 -1.218734856526 0.19724140917799998 -0.4420847 0.395156622 -0.449113101 0.668363571
1.7099746432534031e+18 0.534025131816 -1.1579117414259998 0.196927312758 -0.501639307 0.303549111 -0.302309066 0.751548529
1.709974643653534e+18 0.557427194456 -1.0952796635 0.198636072008 -0.546040177 0.223199204 -0.16139707 0.791184723
1.7099746440869888e+18 0.571277076436 -1.023923602482 0.189930457552 -0.590358675 0.156571463 -0.025137544 0.791410208
1.709974644520437e+18 0.556650268922 -0.9623073328659999 0.18464566065 -0.597496033 0.103818387 0.045303345 0.79383111
1.709974644987209e+18 0.48959601088199994 -0.8799994126440001 0.19119078818399998 -0.612645268 0.095986277 0.113569669 0.776243746
1.7099746454206477e+18 0.41646308820600003 -0.8339810404199999 0.18666493788799998 -0.617851496 0.018127518 0.14542751 0.772516489
1.709974645820765e+18 0.36923605868599996 -0.761604177818 0.184633856836 -0.622532547 0.081882782 0.051680449 0.776580751
1.7099746466876908e+18 0.15171278397 -0.5828431289120001 0.146564660132 -0.646213174 0.083325915 0.081671096 0.75418514
1.7099746471211515e+18 0.025587517054 -0.493549120196 0.129457986152 -0.667240858 0.048999332 0.08990211 0.737771273
1.7099746475212577e+18 -0.082782636926 -0.41923587334199997 0.11484117678000001 -0.679474533 0.048440289 0.081699692 0.727525353
1.709974647787986e+18 -0.146336678708 -0.359469360976 0.105865113948 -0.686696231 0.054683022 0.088571161 0.719453454
1.7099746482213998e+18 -0.242097580516 -0.248558198636 0.10622215604000002 -0.717012167 0.047540106 0.062945701 0.692583144
1.7099746486215066e+18 -0.32525115326 -0.137352802268 0.11075296594999999 -0.721016884 0.04610436 0.05818212 0.688929558
1.7099746489882527e+18 -0.393969563944 -0.027958887616 0.11758265288 -0.720683634 0.047128089 0.057966352 0.689227104
1.709974649388356e+18 -0.458399591518 0.09623180109400001 0.127869559906 -0.719552934 0.048078027 0.057709359 0.690363526
1.7099746497218102e+18 -0.503781968888 0.19994745176999998 0.13763881054000002 -0.718686938 0.04843919 0.057828043 0.69122988
1.7099746500552525e+18 -0.542000277896 0.30197820663999997 0.148798644412 -0.717745006 0.048474144 0.057938401 0.692196131
1.7099746504220357e+18 -0.5751061523900001 0.409988693796 0.162312996406 -0.717102647 0.048016604 0.058101922 0.692879856
1.70997465075547e+18 -0.596929262952 0.502531067918 0.176864366998 -0.716639698 0.047918011 0.057340972 0.693428755
1.7099746511222333e+18 -0.614231973894 0.5935920407559999 0.194634321376 -0.716174901 0.046937309 0.056998096 0.694004059
1.7099746514223347e+18 -0.624386755696 0.655394405292 0.208593033616 -0.715847611 0.045932509 0.056719359 0.694431722
1.7099746517557896e+18 -0.6325451875820001 0.707753909368 0.221500827174 -0.715497613 0.04495541 0.056519981 0.694872499
1.7099746520225446e+18 -0.637150386466 0.7363833890820001 0.22884352279800002 -0.715080619 0.043878708 0.056369506 0.695382595
1.7099746523559754e+18 -0.640939157936 0.7555548052359999 0.234122323358 -0.714842916 0.043192871 0.056140017 0.695688367
1.7099746525893645e+18 -0.642021753296 0.7602155562099999 0.23553018315199997 -0.714779317 0.042918511 0.055964503 0.695784867
1.7099746528894252e+18 -0.642084037386 0.760585962444 0.23557325149599997 -0.714755476 0.042820625 0.055705812 0.695836127
1.7099746531227976e+18 -0.642106240644 0.7605231876659999 0.23553918907200003 -0.714680076 0.042799473 0.055634338 0.695920646
1.709974653389921e+18 -0.64211640559 0.76048930364 0.235538096992 -0.714746356 0.042833865 0.055673014 0.695847332
1.709974653657403e+18 -0.64212180054 0.7605625111480001 0.23556386671399998 -0.714753032 0.042891774 0.055709362 0.695833981
1.7099746539249472e+18 -0.642069458492 0.7604772657019999 0.235629383286 -0.714766145 0.042860072 0.05602764 0.695796967
1.7099746544595336e+18 -0.64213022676 0.760576599728 0.235510387706 -0.714666069 0.042842411 0.055680521 0.695928574
1.709974654959875e+18 -0.6421261251020001 0.76057276548 0.23552920252399998 -0.714659035 0.0428323 0.055661034 0.695938051
1.7099746554935798e+18 -0.64213615653 0.7605934525420001 0.23548243345 -0.714623332 0.042808384 0.055546101 0.695985317
1.709974656027295e+18 -0.6421372710500001 0.7605738354939999 0.235497257688 -0.714605331 0.042788506 0.055488236 0.696009755
1.7099746565610104e+18 -0.642162060144 0.7605977325979999 0.235600893836 -0.714612007 0.042908423 0.055447266 0.695998669
