1709974459610179840.000000 -0.179560363 0.052510612 -0.033025388 -0.717997968 0.075539902 0.014672250 0.691778421
1709974459877059328.000000 -0.195436671 0.044341896 0.037235357 -0.711477041 0.072696358 0.015483095 0.698767424
1709974460143951872.000000 -0.177864239 0.015248584 0.196065694 -0.702881396 0.075169630 0.031204348 0.706635416
1709974463113090816.000000 -0.088230878 0.206619203 0.916606426 -0.676264346 0.068645626 0.047824107 0.731892824
1709974464047251200.000000 -0.088437557 -0.129399493 0.811027110 -0.686940074 0.021830469 0.082989693 0.721629739
1709974464247418880.000000 0.061105672 -0.077209719 0.816335022 -0.688946486 0.067004129 0.029502785 0.721105278
1709974464647754752.000000 0.200719804 0.136329696 0.892878711 -0.684491336 0.116617307 0.006793484 0.719601274
1709974466449160448.000000 0.117629804 -0.009437434 0.812451482 -0.687962890 0.067925453 0.003442134 0.722551942
1709974466916169728.000000 0.083497919 0.072614543 0.834143221 -0.682463646 0.052229166 0.022137661 0.728715003
1709974467383160320.000000 -0.315555930 0.022855874 0.857696295 -0.685323656 -0.083057843 0.143519506 0.709108651
1709974467583297280.000000 -0.500240028 -0.039841104 0.858705819 -0.679773867 -0.114226103 0.176959753 0.702527642
1709974467883499008.000000 -0.740531504 -0.135118976 0.850347400 -0.677419305 -0.137725204 0.204808354 0.692956269
1709974468317165056.000000 -0.996500313 -0.178463370 0.806230605 -0.688913107 -0.105336383 0.217468038 0.683381855
1709974468617393152.000000 -1.180576205 -0.048461713 0.770146191 -0.692998648 -0.064232484 0.215220198 0.685060084
1709974469084411904.000000 -1.451143503 0.457116902 0.759952784 -0.703738451 0.022801213 0.132815599 0.697561681
1709974469284561408.000000 -1.512674570 0.714580715 0.744546115 -0.708924949 0.058893904 0.099955179 0.695676565
1709974469384635904.000000 -1.542035460 0.858370006 0.739337921 -0.707749069 0.078852601 0.079841152 0.697494805
1709974469484710144.000000 -1.571026087 1.006739378 0.742123723 -0.687564969 0.088577770 0.068117246 0.717473686
1709974469784932864.000000 -1.596664071 1.501085162 0.769206285 -0.679231822 0.135331690 -0.004634271 0.721323788
1709974469885007360.000000 -1.587584734 1.672244549 0.771680355 -0.682695746 0.138435349 -0.011914186 0.717370391
1709974469985079040.000000 -1.572741032 1.850411892 0.770178854 -0.684982419 0.135765940 -0.014948918 0.715641916
1709974470418720512.000000 -1.490767598 2.648979664 0.788218141 -0.695727766 0.075930640 0.029661266 0.713664949
1709974470518790656.000000 -1.480059743 2.831749916 0.794484615 -0.694747984 0.052660380 0.050517347 0.715541840
1709974470652217600.000000 -1.473694921 3.091605902 0.798414469 -0.692486644 0.028887587 0.079495981 0.716455281
1709974470885711360.000000 -1.514916301 3.578428745 0.826455116 -0.684574485 -0.026339332 0.117481142 0.718931317
1709974470985789440.000000 -1.549414992 3.781675577 0.846465468 -0.670545578 -0.042174298 0.144824699 0.726371646
1709974471085867520.000000 -1.601485372 3.978448153 0.860358715 -0.672258675 -0.065131649 0.154793531 0.721016705
1709974471586257664.000000 -2.075998306 4.860679626 0.928407073 -0.644342482 -0.185011864 0.308544934 0.674828410
1709974471686335744.000000 -2.237450600 4.991578579 0.938260972 -0.645678401 -0.213962033 0.335886240 0.651536703
1709974471753054464.000000 -2.351930857 5.069800854 0.941303849 -0.636515498 -0.236825481 0.354841262 0.642533600
1709974471919851008.000000 -2.653105497 5.257677078 0.935414612 -0.615233898 -0.280166000 0.396050960 0.621399999
1709974472019929600.000000 -2.846951008 5.364038944 0.935450435 -0.603267848 -0.296798289 0.410434663 0.616053641
1709974472220086784.000000 -3.240303516 5.569968224 0.963246047 -0.579277933 -0.317503691 0.433876842 0.612682164
1709974472320165632.000000 -3.438077450 5.666450977 0.979463220 -0.575564027 -0.331048191 0.437059760 0.606722355
1709974472420244224.000000 -3.638414145 5.760130405 0.995601356 -0.574501157 -0.331043720 0.448118985 0.599623084
1709974472720479488.000000 -4.279438019 6.023809433 1.027412534 -0.561198056 -0.344981164 0.474885643 0.583548129
1709974472820557824.000000 -4.492731571 6.096086025 1.042281628 -0.567096531 -0.353766352 0.485869527 0.563188970
1709974472953999872.000000 -4.768782139 6.173547268 1.062534094 -0.554489017 -0.370207131 0.503225565 0.549775064
1709974473087449856.000000 -5.055255890 6.245731831 1.068469524 -0.549860001 -0.380161464 0.514028966 0.537499309
1709974473187537408.000000 -5.277154922 6.301851749 1.064824462 -0.546324968 -0.381704986 0.525009036 0.529335320
1709974473421075456.000000 -5.821031570 6.423787117 1.067625761 -0.532189131 -0.386512250 0.532922387 0.532331407
1709974473654614784.000000 -6.371773720 6.550306320 1.081226468 -0.544440389 -0.386214763 0.518332601 0.534559786
1709974473754703104.000000 -6.606289387 6.609071255 1.077690959 -0.545369267 -0.386504322 0.515599251 0.536044955
1709974473854791680.000000 -6.842160225 6.672434330 1.071371913 -0.551630020 -0.380335003 0.516525030 0.533152401
1709974473954880256.000000 -7.079541206 6.728737831 1.068846941 -0.551227152 -0.374958426 0.521645606 0.532391489
1709974474288507904.000000 -7.875386238 6.849717617 1.059492230 -0.565416932 -0.396190315 0.515697002 0.507339656
1709974474588774912.000000 -8.563251495 6.932658195 1.029637098 -0.558645248 -0.395516694 0.534267306 0.496024698
1709974474688864000.000000 -8.796996117 6.953779697 1.034303308 -0.548734963 -0.397452652 0.536552727 0.503023386
1709974475022488832.000000 -9.594316483 7.015869617 1.046617150 -0.546476841 -0.409867644 0.528477728 0.504066288
1709974475189294848.000000 -10.008495331 7.044037819 1.059753299 -0.537443399 -0.407332420 0.538626850 0.505090117
1709974475289378560.000000 -10.255343437 7.050220013 1.070272207 -0.523534834 -0.414308190 0.550710499 0.500976980
1709974475389462784.000000 -10.499183655 7.048110008 1.085019112 0.516469538 0.429435283 -0.559241176 -0.485894918
1709974475489546496.000000 -10.746973038 7.032785416 1.098909259 0.511648953 0.441255599 -0.563528299 -0.475336403
1709974475589630720.000000 -10.988625526 7.003177643 1.109045744 0.494191796 0.453711748 -0.576644361 -0.466263264
1709974475723075840.000000 -11.321502686 6.956668377 1.107039690 0.474228889 0.462709814 -0.590113163 -0.461273283
1709974475823160064.000000 -11.568387032 6.908813953 1.106409431 0.468439609 0.460935086 -0.599497318 -0.456843674
1709974475923246080.000000 -11.812088966 6.851166248 1.116407871 0.453152865 0.463097572 -0.605647504 -0.461935312
1709974476123442176.000000 -12.304822922 6.727748871 1.136970878 0.449697703 0.479734361 -0.604101777 -0.450208783
1709974476223540736.000000 -12.523987770 6.653727055 1.138502002 0.439484149 0.488380849 -0.611640275 -0.440719873
1709974476357006080.000000 -12.817768097 6.535569191 1.128503203 0.421733975 0.503485322 -0.627366781 -0.418394446
1709974476457105408.000000 -13.032111168 6.430495262 1.125006676 0.401152045 0.514593482 -0.641965270 -0.402680010
1709974476790772736.000000 -13.762565613 5.994551182 1.070280194 0.328192890 0.563672423 -0.684491694 -0.325628608
1709974476924236032.000000 -14.003437996 5.791594505 1.057101965 0.306022346 0.577156961 -0.699548483 -0.289606750
1709974477024310784.000000 -14.178876877 5.624436378 1.045759201 0.292646736 0.587201178 -0.705536067 -0.267902344
1709974477157743616.000000 -14.402749062 5.388887882 1.040493608 0.270843744 0.598798156 -0.711796403 -0.247851431
1709974477224460032.000000 -14.504728317 5.269520283 1.045831919 0.263727754 0.605334103 -0.713735938 -0.233665004
1709974477291176192.000000 -14.600756645 5.148077011 1.050828218 0.252023041 0.611184776 -0.715514481 -0.225780278
1709974477391250944.000000 -14.739194870 4.964497566 1.057514429 0.238053322 0.615912735 -0.722526848 -0.204785302
1709974477491324928.000000 -14.870310783 4.776741028 1.055360556 0.222674280 0.622971654 -0.728072345 -0.179535910
1709974477591398912.000000 -14.991062164 4.581082821 1.048892021 0.201029480 0.624493778 -0.737214804 -0.161582902
1709974477691472896.000000 -15.110795975 4.380794525 1.043183208 0.191701546 0.628548861 -0.740499437 -0.140845403
1709974477791546624.000000 -15.220890045 4.180171013 1.048991323 0.172045350 0.632056057 -0.747027755 -0.113380142
1709974477891620096.000000 -15.319230080 3.976541519 1.058634877 0.153297752 0.637446046 -0.750041425 -0.087179147
1709974477958337536.000000 -15.377691269 3.834229469 1.061157107 0.149264589 0.647650719 -0.743315518 -0.075833119
1709974478158489344.000000 -15.524383545 3.409807444 1.065580726 0.125297323 0.648901999 -0.749214232 -0.043644384
1709974478258565376.000000 -15.590722084 3.183455944 1.063439131 0.124865867 0.650007308 -0.748887181 -0.032664686
1709974478458717184.000000 -15.704327583 2.712047815 1.072911263 0.112080365 0.652648449 -0.749007046 -0.021827800
1709974478558792960.000000 -15.760025978 2.485561132 1.082295656 0.105102450 0.656113088 -0.747074187 -0.018689504
1709974478658868224.000000 -15.815577507 2.262513638 1.091237903 0.105835125 0.654489696 -0.748547733 -0.010882767
1709974478758944000.000000 -15.872540474 2.040359020 1.092894554 0.106640957 0.654390991 -0.748598814 -0.000350487
1709974478859019520.000000 -15.930554390 1.816012740 1.088551283 0.099172682 0.655442715 -0.748701930 0.002245469
1709974478959096832.000000 -15.993880272 1.589300513 1.081713676 0.097928040 0.659063995 -0.745587826 0.011982169
1709974479159255040.000000 -16.111301422 1.149016976 1.087403774 0.071364313 0.658454776 -0.748509109 0.032842368
1709974479259334656.000000 -16.157411575 0.933174849 1.092229128 0.067703232 0.663196385 -0.744264364 0.040712610
1709974479359413504.000000 -16.195972443 0.717609882 1.092675090 0.061145958 0.666541219 -0.741602242 0.044835452
1709974479492852736.000000 -16.240715027 0.421431690 1.088906527 0.057114255 0.663789511 -0.743971765 0.051259059
1709974479659651584.000000 -16.275876999 0.035126772 1.086628079 0.050673664 0.652448714 -0.753560185 0.062369250
1709974479793090816.000000 -16.298168182 -0.258203864 1.099171877 0.052464269 0.657169938 -0.749268293 0.063026674
1709974479926530304.000000 -16.312026978 -0.537785411 1.111484289 0.050693132 0.661609650 -0.745392323 0.063978173
1709974480059971584.000000 -16.324150085 -0.797954798 1.111332178 0.045830719 0.662793636 -0.743722200 0.074037082
1709974480193412864.000000 -16.334377289 -1.064441562 1.102371097 0.036593899 0.661584914 -0.744086504 0.085448898
1709974480360215040.000000 -16.337347031 -1.382086277 1.101032376 0.012141502 0.649004161 -0.753665686 0.103122331
1709974480527016704.000000 -16.321859360 -1.666083574 1.112392068 -0.013433279 0.650262415 -0.749313653 0.124528676
1709974480727179264.000000 -16.261636734 -1.985804081 1.108840942 -0.028574092 0.661132157 -0.734442890 0.150603503
1709974480893982464.000000 -16.179670334 -2.245523691 1.093840361 -0.045480900 0.661981344 -0.727620840 0.174011856
1709974481060775424.000000 -16.067203522 -2.517365932 1.088773847 -0.060808159 0.650614023 -0.731430113 0.194971085
1709974481227568640.000000 -15.955618858 -2.791951656 1.099197865 -0.053840846 0.645211995 -0.734746158 0.202363104
1709974481394361088.000000 -15.844358444 -3.051151514 1.098795533 -0.058521625 0.653373599 -0.727673769 0.200422123
1709974481627870208.000000 -15.688711166 -3.417464972 1.073448539 -0.056051273 0.670807421 -0.710213542 0.206088275
1709974481861378816.000000 -15.542369843 -3.843384981 1.036972404 -0.058981709 0.661249042 -0.718548894 0.207263961
1709974481994811648.000000 -15.489925385 -4.102051258 1.020341277 -0.056149404 0.673838079 -0.709572852 0.198231950
1709974482161602560.000000 -15.448300362 -4.423481941 1.007621646 -0.047370672 0.674232781 -0.714399934 0.181104720
1709974482361750528.000000 -15.413155556 -4.801166058 0.985038698 -0.025699968 0.688585937 -0.707239330 0.158118457
1709974482561898240.000000 -15.347945213 -5.180702686 0.961867452 -0.023289369 0.684849441 -0.713577628 0.145759508
1709974482695329792.000000 -15.292751312 -5.440023422 0.960720003 -0.032493453 0.672143400 -0.724538565 0.149034679
1709974482862118400.000000 -15.233765602 -5.753733635 0.957298696 -0.020980777 0.680610478 -0.717767417 0.145393088
1709974483062265088.000000 -15.157524109 -6.057834625 0.913723886 -0.036541115 0.689079762 -0.707771301 0.151306480
1709974483229053696.000000 -15.098674774 -6.256339550 0.818970263 -0.060175661 0.678567827 -0.707012475 0.189889267
1709974483562629120.000000 -14.968564987 -6.627361774 0.596102834 -0.141263887 0.657946110 -0.688463151 0.270499468
1709974483696058624.000000 -14.878925323 -6.766570568 0.571093321 0.159252077 -0.671478748 0.662869573 -0.290446162
1709974483862844928.000000 -14.710219383 -6.937536716 0.557603538 0.194746196 -0.656964958 0.650831580 -0.326939404
1709974483996281088.000000 -14.535443306 -7.071446896 0.562301099 0.223013997 -0.644558072 0.639754713 -0.354293048
1709974484163082240.000000 -14.303827286 -7.226020813 0.597760260 -0.258435100 0.613982320 -0.631555557 0.396704674
1709974484363243008.000000 -14.012023926 -7.403076172 0.622118354 -0.281632870 0.603339970 -0.610059261 0.429524720
1709974484496683776.000000 -13.798104286 -7.516246796 0.629157603 -0.297402203 0.594844997 -0.597901464 0.447465330
1709974484663484928.000000 -13.513458252 -7.664871216 0.639010608 0.307608008 -0.583525300 0.580895066 -0.476903051
1709974484796925696.000000 -13.266543388 -7.774923325 0.651630342 0.319970280 -0.570114732 0.568251193 -0.499678701
1709974484997089024.000000 -12.883114815 -7.918441296 0.671848357 -0.336079687 0.557923794 -0.552487552 0.520124197
1709974485197255680.000000 -12.460164070 -8.022256851 0.657569408 -0.351081133 0.547489583 -0.537629366 0.536611438
1709974485430783232.000000 -11.898038864 -8.137968063 0.636907816 -0.347167641 0.553843319 -0.537212372 0.533043206
1709974485564227584.000000 -11.574628830 -8.201537132 0.642018616 -0.346460342 0.560631931 -0.533988357 0.529635251
1709974485697671936.000000 -11.253219604 -8.261039734 0.646607518 -0.344345510 0.559304953 -0.537553847 0.528809965
1709974485864477696.000000 -10.831348419 -8.336994171 0.639875829 -0.340823233 0.559797347 -0.539208114 0.528886676
1709974485997922816.000000 -10.485054016 -8.395750046 0.628900170 -0.342971414 0.549304783 -0.542541564 0.535054684
1709974486131368960.000000 -10.130219460 -8.453937531 0.629410565 -0.352575958 0.533730268 -0.536978960 0.549978137
1709974486331538176.000000 -9.602351189 -8.540514946 0.637793481 -0.358564436 0.544429064 -0.526790142 0.545454621
1709974486531707392.000000 -9.096954346 -8.625795364 0.619225323 -0.355988771 0.555325627 -0.517312229 0.545228124
1709974486665153536.000000 -8.759254456 -8.675871849 0.602552891 -0.359113723 0.550753832 -0.519341946 0.545885980
1709974486831961600.000000 -8.327068329 -8.747776031 0.601842284 -0.354732871 0.550793707 -0.528153777 0.540226340
1709974486998767616.000000 -7.921843529 -8.831085205 0.608702123 -0.352953851 0.556492150 -0.533572018 0.530132949
1709974487165571584.000000 -7.528532982 -8.910337448 0.599999845 -0.345986336 0.563948035 -0.531529725 0.528897166
1709974487332375808.000000 -7.122128487 -8.980936050 0.575600207 -0.346426606 0.552488565 -0.537229061 0.534911156
1709974487499179776.000000 -6.692986965 -9.057087898 0.560761631 -0.343057483 0.546626151 -0.538007915 0.542271972
1709974487665984000.000000 -6.295838356 -9.103346825 0.565067530 -0.353469849 0.537040591 -0.533589363 0.549480557
1709974487999587584.000000 -5.481051445 -9.145198822 0.541466117 -0.354235917 0.546332955 -0.527762353 0.545439363
1709974488133024000.000000 -5.137914181 -9.142274857 0.528564632 -0.347070068 0.546358228 -0.527225733 0.550516188
1709974488299818752.000000 -4.703621864 -9.137251854 0.535855353 -0.346095860 0.548929453 -0.530205309 0.545689106
1709974488466613504.000000 -4.280184269 -9.156888008 0.536035180 -0.339148790 0.556511700 -0.530809999 0.541768968
1709974488600049152.000000 -3.941854239 -9.186013222 0.516531944 -0.336360991 0.560437560 -0.527440727 0.542749763
1709974488733484544.000000 -3.595575571 -9.226069450 0.490264326 -0.336968303 0.554010987 -0.528854907 0.547573447
1709974488866919936.000000 -3.242587328 -9.266108513 0.477467805 -0.339727759 0.547104418 -0.528082967 0.553525269
1709974489000355584.000000 -2.906743526 -9.289339066 0.471283108 -0.351631343 0.545188546 -0.523614526 0.552225232
1709974489434020352.000000 -1.811672688 -9.274043083 0.426859319 -0.362258345 0.541075468 -0.517753661 0.554921091
1709974489534096640.000000 -1.571921587 -9.249978065 0.421016932 -0.366703689 0.544599295 -0.517971933 0.548311174
1709974489867684864.000000 -0.788251579 -9.190802574 0.433963269 -0.360075742 0.551545262 -0.505558133 0.557273924
1709974490034906112.000000 -0.409557641 -9.154417038 0.418745816 -0.364284456 0.540911615 -0.500561297 0.569341600
1709974490504072704.000000 0.658455372 -9.044027328 0.400546342 -0.365695477 0.538271964 -0.487049729 0.582505524
1709974490671675904.000000 1.046196342 -9.014529228 0.381692231 -0.355571032 0.543077290 -0.495791852 0.576911390
1709974490805775360.000000 1.357120872 -8.993903160 0.364800096 -0.348233938 0.545104623 -0.506361604 0.570256233
1709974490939889664.000000 1.657251954 -8.996589661 0.355730563 -0.342912912 0.551433742 -0.516894162 0.557809949
1709974491240293888.000000 2.319087267 -9.067235947 0.341935098 -0.313148201 0.574225783 -0.538667560 0.531074584
1709974491440567552.000000 2.754307985 -9.185717583 0.333688468 -0.298837036 0.573722959 -0.562050343 0.515400589
1709974491607464192.000000 3.090113640 -9.323835373 0.314980209 -0.283574373 0.572668374 -0.571473420 0.514834702
1709974491774363392.000000 3.414893389 -9.476124763 0.299445450 -0.272521138 0.573262393 -0.582419455 0.507828772
1709974492041347328.000000 3.935866833 -9.726548195 0.250535637 -0.261020899 0.583082795 -0.606631994 0.473159760
1709974492208070400.000000 4.257768154 -9.924127579 0.216524124 -0.242586210 0.589206100 -0.627239347 0.447838038
1709974492408134144.000000 4.665824413 -10.159212112 0.178401157 -0.222636089 0.608219564 -0.641422451 0.411192656
1709974492574851072.000000 4.965843201 -10.366928101 0.152281985 -0.211041331 0.615913451 -0.648688912 0.394100070
1709974492741564928.000000 5.254378319 -10.600049019 0.122226134 -0.198651612 0.622132480 -0.654314995 0.381261915
1709974492908275968.000000 5.552239418 -10.861009598 0.091049030 -0.191797435 0.618530810 -0.662875414 0.375805199
1709974493275031552.000000 6.236596107 -11.480603218 0.045851130 -0.190524563 0.619914532 -0.666645706 0.367409647
1709974493441732864.000000 6.560149193 -11.761236191 0.028224941 -0.197204188 0.621341527 -0.664337158 0.365652025
1709974493675107840.000000 7.044215202 -12.185611725 0.003076392 -0.190775484 0.616770148 -0.673760653 0.359507889
1709974493941812736.000000 7.584215641 -12.691919327 0.005933780 -0.173693657 0.638634145 -0.666484773 0.343183577
1709974494175212032.000000 8.011762619 -13.117658615 -0.003227464 -0.173166439 0.637260497 -0.667574108 0.343885601
1709974494341925632.000000 8.307024002 -13.420364380 -0.003805107 -0.176547959 0.627634048 -0.669851780 0.355253369
1709974494541977344.000000 8.666191101 -13.763147354 0.009639226 -0.191591933 0.631076634 -0.660221756 0.359363377
1709974494775363840.000000 9.090871811 -14.118616104 0.010347605 -0.207400337 0.624060452 -0.657149374 0.368358970
1709974495008748544.000000 9.537142754 -14.475193024 0.005902435 -0.206350923 0.617084324 -0.661748350 0.372445077
1709974495308837888.000000 10.093918800 -14.904651642 0.036271572 -0.199646503 0.620875359 -0.657551229 0.377202094
1709974495542232576.000000 10.521097183 -15.222190857 0.022795629 -0.207063556 0.612470984 -0.656115651 0.389250875
1709974495742279168.000000 10.891286850 -15.514718056 0.010365285 -0.212833986 0.603150547 -0.652050138 0.407113969
1709974496075684608.000000 11.518636703 -16.012777328 -0.021440240 -0.228020310 0.611487806 -0.637214720 0.409935236
1709974496309066240.000000 11.955375671 -16.404115677 -0.065820016 -0.230919123 0.604996026 -0.646542847 0.403284609
1709974496509101568.000000 12.328336716 -16.759632111 -0.079729900 -0.225515679 0.624317408 -0.644039273 0.380241871
1709974496742468864.000000 12.744563103 -17.153564453 -0.094716392 -0.225452840 0.631784439 -0.644382656 0.367138177
1709974496975825920.000000 13.160921097 -17.556999207 -0.120208479 -0.225130782 0.622402430 -0.648712754 0.375636965
1709974497209216000.000000 13.573766708 -17.970079422 -0.129098892 -0.236368954 0.623624206 -0.646982968 0.369642586
1709974497409257984.000000 13.926784515 -18.305765152 -0.150597304 -0.240097702 0.622716367 -0.647612333 0.367662638
1709974497609294080.000000 14.310652733 -18.661865234 -0.187993124 -0.240397006 0.619771481 -0.649815202 0.368555039
1709974497809324800.000000 14.713271141 -19.028890610 -0.199200287 -0.237192646 0.630169570 -0.644918084 0.361533701
1709974498009356288.000000 15.109047890 -19.375537872 -0.204651996 -0.238322228 0.630438685 -0.642945111 0.363828689
1709974498242767104.000000 15.570744514 -19.786985397 -0.238409966 -0.237127185 0.618750036 -0.644591093 0.381341606
1709974498442828288.000000 15.967546463 -20.151927948 -0.255123496 -0.248444960 0.609610856 -0.645338178 0.387541413
1709974498676226048.000000 16.430988312 -20.552293777 -0.260659784 -0.256516218 0.614141524 -0.641691864 0.381131411
1709974498876275968.000000 16.834554672 -20.903018951 -0.285057992 -0.256905019 0.606327355 -0.648016214 0.382677317
1709974499076321536.000000 17.245918274 -21.275077820 -0.291173995 -0.251910239 0.623939693 -0.644331515 0.363424599
1709974499243022336.000000 17.568729401 -21.577976227 -0.293596715 -0.244663149 0.628965735 -0.645806313 0.357038200
1709974499409719040.000000 17.893793106 -21.878171921 -0.304965854 -0.245132998 0.623358727 -0.644736588 0.368304878
1709974499809773824.000000 18.681678772 -22.567375183 -0.288670987 -0.254312962 0.616125286 -0.637587845 0.386259347
1709974500209856000.000000 19.557640076 -23.125921249 -0.281349778 -0.252997577 0.604803264 -0.649421811 0.385300577
1709974500409908992.000000 20.001041412 -23.384111404 -0.244917318 -0.257964283 0.610593438 -0.642894030 0.383819401
1709974501443474176.000000 22.050521851 -24.693504333 -0.154365659 -0.306254655 0.581313193 -0.605827689 0.448615462
1709974501710191104.000000 22.610975266 -24.936370850 -0.062413611 -0.307632208 0.594559073 -0.610080898 0.423867047
1709974502143606784.000000 23.420673370 -25.250713348 0.249614552 0.309047520 -0.608989418 0.595929742 -0.422480106
1709974502410334464.000000 23.907302856 -25.437303543 0.317713439 -0.324214876 0.576198816 -0.590475619 0.462837100
1709974502910422528.000000 24.814107895 -25.749725342 0.384650588 -0.371577978 0.546703875 -0.547128975 0.513512135
1709974503412457728.000000 25.842134476 -25.772832870 0.437361866 -0.404287517 0.519873559 -0.510077000 0.553267121
1709974504081955840.000000 27.242225647 -25.730957031 0.463373125 -0.429472208 0.490460813 -0.470231354 0.594881773
1709974504248602368.000000 27.588785172 -25.720880508 0.491016418 -0.435281575 0.490593284 -0.459988892 0.598546922
1709974504615201792.000000 28.405183792 -25.766508102 0.541725814 -0.407989949 0.494178176 -0.491697073 0.589547396
1709974505115085568.000000 29.425464630 -26.007646561 0.551833689 -0.364356965 0.534291089 -0.542944968 0.535712421
1709974505248396800.000000 29.692487717 -26.079486847 0.545645058 -0.357522249 0.535216928 -0.550519526 0.531647384
1709974505881565440.000000 30.987245560 -26.162717819 0.521250963 -0.413717091 0.512019575 -0.499265045 0.563390195
1709974506081755392.000000 31.447462082 -26.129827499 0.536759853 -0.423293710 0.507636428 -0.490265548 0.568126202
1709974506282224640.000000 31.866716385 -26.109601974 0.555005729 -0.438249856 0.506617069 -0.481480956 0.565201223
1709974506449303296.000000 32.176918030 -26.083513260 0.553203225 -0.452194184 0.495798290 -0.465879589 0.576767445
1709974506649823232.000000 32.542953491 -26.043518066 0.535009384 -0.471751451 0.472435147 -0.430565953 0.607345521
1709974507751377152.000000 34.535667419 -25.812881470 0.550205290 -0.462904662 0.459670007 -0.427647114 0.625732124
1709974507984910080.000000 35.031978607 -25.806718826 0.548661888 -0.438551426 0.508994639 -0.457408994 0.582558274
1709974508251656704.000000 35.610858917 -25.837289810 0.562441885 -0.396398157 0.536835372 -0.488585204 0.562103927
1709974509251899392.000000 37.420982361 -26.374691010 0.616554558 0.273033589 -0.626105845 0.594236851 -0.424648941
1709974509485283584.000000 37.781524658 -26.588569641 0.602679968 0.267845631 -0.626230359 0.603057683 -0.415229708
1709974509651982080.000000 38.055686951 -26.718141556 0.619621396 0.285924196 -0.609973073 0.603884697 -0.426032215
1709974509818676736.000000 38.333320618 -26.804048538 0.650047779 -0.313417047 0.593813539 -0.594514549 0.442388594
1709974509952029952.000000 38.560184479 -26.848514557 0.665495813 -0.330063522 0.582885742 -0.584360361 0.458066881
1709974510118743040.000000 38.867450714 -26.896514893 0.671838641 -0.345154166 0.573246837 -0.577602088 0.467581570
1709974510285458176.000000 39.185573578 -26.926462173 0.685429275 -0.354951382 0.564729631 -0.572917163 0.476293892
1709974511219037696.000000 40.918392181 -27.016569138 0.766669333 -0.396540254 0.522131085 -0.527558863 0.540200531
1709974511419100416.000000 41.271743774 -26.957572937 0.773103297 -0.420515120 0.505578160 -0.505118370 0.558939338
1709974511852555008.000000 41.919696808 -26.652223587 0.788821816 -0.474654168 0.427134395 -0.438595057 0.632371724
1709974512052609536.000000 42.102161407 -26.486701965 0.805154562 -0.514859319 0.384199113 -0.380707562 0.665111065
1709974512286011392.000000 42.232547760 -26.311006546 0.808282971 -0.568156719 0.313271344 -0.284470648 0.705787122
1709974512419381248.000000 42.256156921 -26.228303909 0.815797389 -0.600288868 0.247461408 -0.223407850 0.726983547
1709974512552748544.000000 42.232097626 -26.155696869 0.819234788 -0.632314503 0.192655206 -0.153904676 0.734422028
1709974512686113792.000000 42.140762329 -26.104255676 0.817690074 -0.655759275 0.129602551 -0.083894618 0.739015996
1709974512919497472.000000 41.915561676 -26.058223724 0.812495589 -0.673446715 0.028281089 0.031899072 0.738005519
1709974513252925952.000000 41.541694641 -26.158329010 0.866213441 -0.665158212 -0.106736876 0.178268567 0.717211366
1709974513419638784.000000 41.335136414 -26.198221207 0.869680226 -0.655849874 -0.159380212 0.246279448 0.695561171
1709974513553007104.000000 41.187831879 -26.252645493 0.867608607 -0.649238169 -0.194885686 0.287143648 0.676799715
1709974513653031936.000000 41.079246521 -26.299316406 0.865622759 -0.639443398 -0.221400738 0.318733841 0.663703799
1709974513819736832.000000 40.899936676 -26.404808044 0.855803728 -0.625746846 -0.263117820 0.368155628 0.635351360
1709974513953098496.000000 40.751968384 -26.483430862 0.850955665 -0.616219997 -0.288364589 0.403036922 0.612111092
1709974514086473472.000000 40.600536346 -26.538581848 0.840052485 -0.603541970 -0.317746788 0.429634541 0.591767013
1709974514219850496.000000 40.432884216 -26.571117401 0.821664870 -0.598613739 -0.343268514 0.448509187 0.568038702
1709974514386569472.000000 40.182910919 -26.578882217 0.805665374 -0.584333956 -0.365591228 0.472997576 0.548789740
1709974514519942400.000000 39.959362030 -26.553365707 0.804519355 -0.579219997 -0.370531708 0.486457288 0.539045215
1709974514686656512.000000 39.681331635 -26.517364502 0.810829878 -0.565478683 -0.387734950 0.499842554 0.529200256
1709974514886709248.000000 39.310714722 -26.459838867 0.807721555 -0.564271152 -0.394334167 0.507374227 0.518333912
1709974515053429248.000000 38.955204010 -26.388067245 0.792734742 -0.566566408 -0.386269718 0.504861474 0.524321735
1709974515420196352.000000 38.134719849 -26.178510666 0.801412642 -0.594342887 -0.361426562 0.462948531 0.549368739
1709974515620243712.000000 37.677024841 -26.033052444 0.798276007 -0.599516392 -0.345403761 0.459270298 0.557088077
1709974515820286208.000000 37.220035553 -25.896427155 0.782983184 -0.586459100 -0.357137978 0.471431762 0.553416908
1709974516153694720.000000 36.496116638 -25.749202728 0.807535172 -0.556020319 -0.401188940 0.502003968 0.527144015
1709974516453763840.000000 35.801219940 -25.706584930 0.816863894 -0.518143654 -0.424139827 0.535270751 0.514896035
1709974517287268864.000000 33.821327209 -25.912658691 0.792150140 0.505490303 0.464657992 -0.577842295 -0.441215336
1709974517453973248.000000 33.431030273 -26.007276535 0.776048005 0.499022603 0.466318130 -0.581208169 -0.442403585
1709974517687353856.000000 32.848674774 -26.114486694 0.739040613 0.517071664 0.451485187 -0.558359623 -0.465867549
1709974517854050048.000000 32.429428101 -26.138244629 0.738925040 -0.542132556 -0.433354378 0.532541633 0.484454036
1709974518054089216.000000 31.924272537 -26.140865326 0.729956388 -0.554352641 -0.415985644 0.509344995 0.510114491
1709974518254141696.000000 31.400323868 -26.132081985 0.718661368 -0.548318863 -0.402611524 0.518046141 0.518535018
1709974518454189056.000000 30.863033295 -26.137441635 0.722158670 -0.541263700 -0.417914003 0.526434302 0.505221188
1709974518654231296.000000 30.328392029 -26.171468735 0.717692494 -0.530897379 -0.428851753 0.530348241 0.502956152
1709974518887607296.000000 29.679094315 -26.199657440 0.685728490 -0.522805631 -0.422139078 0.530460238 0.516802490
1709974519054466560.000000 29.218284607 -26.194944382 0.684118927 -0.538807511 -0.425725073 0.506071389 0.521858573
1709974519221589248.000000 28.759214401 -26.172063828 0.679943621 -0.547773540 -0.414205641 0.499853313 0.527754247
1709974519388734720.000000 28.303878784 -26.134254456 0.667679071 -0.545008063 -0.406648785 0.505104542 0.531481326
1709974519622776320.000000 27.661808014 -26.093084335 0.668047905 -0.528227150 -0.434679300 0.516883552 0.514646828
1709974519756534272.000000 27.288982391 -26.063673019 0.678906322 -0.530187845 -0.435705602 0.517459869 0.511171997
1709974519890306816.000000 26.917123795 -26.034934998 0.677750349 -0.519955218 -0.434353173 0.524999559 0.515130579
1709974520024000000.000000 26.539617538 -26.001127243 0.680269480 -0.518770039 -0.423790574 0.529898047 0.520083904
1709974520157427200.000000 26.161312103 -25.963943481 0.689715505 -0.530156672 -0.423747748 0.521445096 0.517172039
1709974520324210688.000000 25.694196701 -25.906753540 0.697457850 -0.539407670 -0.420092732 0.506809235 0.525076985
1709974520490994432.000000 25.233333588 -25.836709976 0.692584574 -0.541508853 -0.403034806 0.508456111 0.534605920
1709974520657777664.000000 24.790487289 -25.741462708 0.680584669 -0.543977201 -0.385341793 0.517715514 0.536256611
1709974520791204608.000000 24.440896988 -25.666269302 0.680934310 -0.555737138 -0.384269327 0.511066914 0.531322837
1709974520924631296.000000 24.096416473 -25.585081100 0.685851634 -0.560396492 -0.381677389 0.496001452 0.542457998
1709974521058064128.000000 23.747940063 -25.485555649 0.685350537 -0.562009990 -0.364977241 0.487532765 0.559685826
1709974521191503872.000000 23.393337250 -25.376194000 0.673458397 -0.572544873 -0.348789334 0.467102945 0.576500833
1709974521324943616.000000 23.053340912 -25.252183914 0.663007796 -0.583353221 -0.330855906 0.447097331 0.591893017
1709974521491743488.000000 22.649978638 -25.071838379 0.659819305 -0.613396108 -0.301857919 0.419720173 0.597044349
1709974521658544384.000000 22.289737701 -24.883998871 0.634312689 -0.625797927 -0.277359575 0.397550166 0.611066639
1709974521791984896.000000 22.024751663 -24.720544815 0.589791834 -0.632251859 -0.261241883 0.380352557 0.622368336
1709974521925425920.000000 21.775451660 -24.563196182 0.543586791 -0.636416376 -0.243406400 0.375714540 0.628144979
1709974522058864128.000000 21.541347504 -24.440889359 0.489728034 -0.640745521 -0.254780293 0.357849866 0.629663110
1709974522192299008.000000 21.313194275 -24.329984665 0.422461241 -0.626967192 -0.253637642 0.363495171 0.640664816
1709974522325733888.000000 21.054220200 -24.210083008 0.299735188 -0.638951957 -0.235745713 0.351261050 0.642479599
1709974522459169024.000000 20.796514511 -24.125213623 0.170123592 -0.630162179 -0.225480467 0.352204889 0.654221594
1709974522592604160.000000 20.546985626 -24.039558411 0.087261975 -0.636443496 -0.210473925 0.349791586 0.654435813
1709974522792757248.000000 20.174613953 -23.866378784 0.030145248 -0.653964877 -0.206096455 0.345043004 0.640936434
1709974522959551744.000000 19.860755920 -23.658285141 0.009842893 -0.651319265 -0.208107099 0.346775264 0.642044842
1709974523092989184.000000 19.602344513 -23.459342957 0.010977073 -0.650990546 -0.212603584 0.352265328 0.637902975
1709974523226427904.000000 19.350166321 -23.256654739 0.029940976 -0.644435525 -0.226055264 0.353084266 0.639479101
1709974523359866368.000000 19.091749191 -23.040653229 0.043054532 -0.643050373 -0.227994829 0.343221545 0.645525813
1709974523493305344.000000 18.825904846 -22.815351486 0.049887903 -0.636594713 -0.227631196 0.338107646 0.654686511
1709974523626744832.000000 18.547996521 -22.573526382 0.055573855 -0.633935153 -0.212926105 0.333129019 0.664690733
1709974523760184064.000000 18.266754150 -22.329008102 0.076206200 -0.635153592 -0.203625545 0.322920471 0.671445489
1709974523893623808.000000 17.999599457 -22.088134766 0.097092375 -0.634564340 -0.202625722 0.314859301 0.676117301
1709974524027061248.000000 17.747158051 -21.852392197 0.106825635 -0.630684018 -0.199016795 0.316509962 0.680037856
1709974524160492288.000000 17.503179550 -21.614938736 0.105535544 -0.628759563 -0.200035751 0.324909538 0.677555084
1709974524293923328.000000 17.256958008 -21.375051498 0.109491065 -0.620110095 -0.208600193 0.339623362 0.675725877
1709974524427354368.000000 17.017366409 -21.142179489 0.120956309 -0.613179505 -0.223500401 0.351332128 0.671285510
1709974524560785152.000000 16.781227112 -20.920217514 0.135617211 -0.605894685 -0.239316151 0.354434520 0.670817196
1709974524694215936.000000 16.543140411 -20.683954239 0.130473197 -0.612058640 -0.239086464 0.355143636 0.664902151
1709974524827646976.000000 16.297857285 -20.439775467 0.111754119 -0.612334430 -0.236645073 0.352890134 0.666719019
1709974524994435840.000000 15.986430168 -20.132266998 0.103010349 -0.626696110 -0.232479781 0.345492929 0.658665240
1709974525127866880.000000 15.749794006 -19.886499405 0.105546258 -0.633914232 -0.226413190 0.336768538 0.658389509
1709974525294655744.000000 15.456071854 -19.577100754 0.100275613 -0.636805058 -0.226736069 0.319969654 0.663844526
1709974525461444352.000000 15.168201447 -19.267042160 0.096023142 -0.631474078 -0.221078381 0.325492918 0.668146074
1709974525628232704.000000 14.875423431 -18.963325500 0.109968148 -0.622020185 -0.235705063 0.333309919 0.668160558
1709974525828378624.000000 14.525481224 -18.625858307 0.133617684 -0.625352085 -0.244457200 0.337908417 0.659540236
1709974525995166720.000000 14.221032143 -18.353652954 0.132002994 -0.623439014 -0.247712687 0.340236664 0.658939481
1709974526161961984.000000 13.894879341 -18.080217361 0.132471755 -0.627320349 -0.248019233 0.335073024 0.657785475
1709974526362115840.000000 13.513390541 -17.744812012 0.159752443 -0.641641855 -0.241447449 0.325982451 0.650948882
1709974526528911104.000000 13.207227707 -17.461683273 0.175373256 -0.639291465 -0.231213063 0.321397454 0.659204662
1709974526662347264.000000 12.961560249 -17.230602264 0.177925974 -0.632137835 -0.230738401 0.318961591 0.667401731
1709974526795783936.000000 12.712494850 -16.997051239 0.182111084 -0.623746574 -0.233620837 0.328977823 0.669428945
1709974527029297408.000000 12.257311821 -16.597448349 0.207488805 -0.624431372 -0.258925736 0.333254486 0.657255173
1709974527329526528.000000 11.632439613 -16.145803452 0.222439572 -0.615115523 -0.266521156 0.351493537 0.653491914
1709974527629755904.000000 10.954957962 -15.691139221 0.256797194 -0.636869133 -0.247620210 0.335829258 0.648306012
1709974527963344896.000000 10.248884201 -15.167923927 0.268417478 -0.623103201 -0.241432637 0.343419582 0.659936130
1709974528296919296.000000 9.576406479 -14.640038490 0.280674577 -0.619916201 -0.255269736 0.354380399 0.651886344
1709974528630492160.000000 8.859200478 -14.154745102 0.278157771 -0.607359707 -0.266154259 0.364334643 0.653862655
1709974528964064768.000000 8.142649651 -13.649432182 0.318508178 -0.613735676 -0.263088852 0.365199387 0.648646414
1709974529297638656.000000 7.476267338 -13.148499489 0.328942060 -0.591844380 -0.267496675 0.396058887 0.649078667
1709974529597854976.000000 6.883727074 -12.738210678 0.340143204 -0.599330068 -0.292556524 0.404843450 0.625552535
1709974529964785920.000000 6.101448059 -12.249127388 0.336927742 -0.581019282 -0.297253758 0.421836853 0.629373074
1709974530298356480.000000 5.369877815 -11.833254814 0.370572746 -0.592175841 -0.299232215 0.420175791 0.619063973
1709974530631926016.000000 4.651923180 -11.440765381 0.379117787 -0.574055910 -0.339977354 0.449332744 0.594117284
1709974530932138496.000000 4.023254395 -11.147525787 0.419185847 -0.555000246 -0.366832137 0.474761456 0.576203465
1709974531299082752.000000 3.186299801 -10.888630867 0.422733933 -0.549446642 -0.383528173 0.484936386 0.562006414
1709974531599313920.000000 2.503736496 -10.721423149 0.482199371 -0.542580605 -0.386661828 0.492705286 0.559768200
1709974531932904960.000000 1.739819884 -10.598731041 0.474981904 -0.535229146 -0.394516379 0.521588802 0.534632325
1709974532266476800.000000 0.954040945 -10.547207832 0.498735189 -0.531795979 -0.410032570 0.526461601 0.521444798
1709974532566684416.000000 0.202268645 -10.544958115 0.498101532 -0.540852964 -0.373356849 0.513462782 0.551759660
1709974532900247040.000000 -0.599527895 -10.544896126 0.513408124 -0.560609758 -0.358758837 0.488957763 0.563852012
1709974533233817600.000000 -1.371506453 -10.519770622 0.508021533 -0.553329885 -0.363087207 0.506487846 0.552687943
1709974533567391744.000000 -2.084115744 -10.526981354 0.546565413 -0.538415134 -0.384856790 0.520380318 0.539628327
1709974533900964864.000000 -2.816122293 -10.584568024 0.551236629 -0.515375197 -0.404719353 0.542640150 0.525482953
1709974534234536704.000000 -3.573603392 -10.578126907 0.567091167 -0.519442499 -0.408865213 0.542042196 0.518843889
1709974534601464320.000000 -4.419932842 -10.522420883 0.579267919 -0.511693656 -0.414444864 0.549994230 0.513723254
1709974535668926464.000000 -6.740554333 -10.382019043 0.611660063 -0.544183016 -0.377251387 0.522775888 0.536890686
1709974535769003264.000000 -6.971283436 -10.342397690 0.615406752 -0.533613205 -0.371035457 0.526964605 0.547629416
1709974536202672896.000000 -7.974916458 -10.182075500 0.656523526 -0.541254401 -0.375351101 0.528889120 0.535193026
1709974536703064832.000000 -9.260711670 -10.068172455 0.635796130 -0.567726254 -0.355680406 0.497162640 0.551369011
1709974537203453184.000000 -10.532892227 -9.909974098 0.619025528 -0.572950959 -0.341973692 0.494189620 0.557277262
1709974537637117952.000000 -11.627360344 -9.751239777 0.573316932 -0.585650802 -0.313386858 0.464007705 0.586087584
1709974537970707200.000000 -12.454813004 -9.490406036 0.515285313 -0.624297082 -0.250402749 0.401119918 0.621815443
1709974538337638400.000000 -13.242149353 -9.058018684 0.436956674 -0.631968319 -0.158799320 0.342539817 0.676805198
1709974538671210240.000000 -13.833523750 -8.584122658 0.483748168 -0.640099823 -0.116913989 0.279062182 0.706206501
1709974539038139392.000000 -14.390547752 -8.026279449 0.513569117 -0.626941085 -0.060178276 0.216220886 0.746037543
1709974539471788800.000000 -14.845704079 -7.324290276 0.586035013 -0.651340306 0.009493073 0.141046405 0.745500922
1709974539872080896.000000 -15.032489777 -6.591153622 0.660120368 -0.651822627 0.053060923 0.098898008 0.750020623
1709974540305729024.000000 -15.152898788 -5.858518124 0.882614374 -0.671542227 0.059089031 0.087769710 0.733373046
1709974540739376128.000000 -15.309721947 -5.064670563 0.931031108 -0.659227788 0.071092740 0.090196602 0.743121207
1709974541039593216.000000 -15.393069267 -4.443356514 0.980423510 -0.643978536 0.105751224 0.054665189 0.755724847
1709974541406531584.000000 -15.407863617 -3.642596006 0.990257859 -0.628977299 0.145892799 0.012569475 0.763508260
1709974541740111872.000000 -15.457107544 -2.898293972 1.014935970 -0.639291883 0.148852870 0.018918252 0.754182220
1709974542006976256.000000 -15.528480530 -2.308888674 1.001036048 -0.632518232 0.141400769 0.027564624 0.761030018
1709974542308407808.000000 -15.574069977 -1.625961065 1.040228724 -0.623436630 0.160794601 0.010509743 0.765089154
1709974542610179584.000000 -15.528470039 -1.000054836 1.031662583 -0.634700418 0.195112005 -0.016238924 0.747544706
1709974542912035584.000000 -15.483345032 -0.363339990 0.993309200 -0.641028941 0.167008907 0.009423253 0.749066830
1709974544046576384.000000 -14.580266953 2.175151110 1.010749698 -0.577361643 0.296770751 -0.142482489 0.747181058
1709974544379993088.000000 -14.121737480 2.848535061 1.024346590 -0.571252406 0.313536227 -0.175654426 0.737910092
1709974544680055552.000000 -13.626948357 3.422042847 0.989108741 -0.536395252 0.362606525 -0.234698921 0.725060701
1709974544980106752.000000 -13.092016220 3.933452606 0.994110525 -0.529357433 0.402662605 -0.297712833 0.684843540
1709974545247544064.000000 -12.537380219 4.315804482 0.902372241 -0.499671310 0.425078541 -0.333635628 0.676996469
1709974545615924224.000000 -11.737276077 4.691558361 0.862086296 -0.477283448 0.436998904 -0.362844735 0.670504391
1709974545883894016.000000 -11.123495102 4.919479370 0.832682490 -0.444759369 0.456944436 -0.407100350 0.653957427
1709974546185008640.000000 -10.432040215 5.107699394 0.828236699 -0.422454685 0.506805718 -0.441929162 0.607765377
1709974546418496000.000000 -9.915785789 5.173489571 0.822814643 -0.395886034 0.517224073 -0.471021801 0.594888210
1709974546618624256.000000 -9.454236984 5.180517673 0.816572249 -0.379179984 0.524882734 -0.478784502 0.592862666
1709974546885457152.000000 -8.847116470 5.172964573 0.794714630 -0.387592226 0.542375982 -0.480199277 0.570095778
1709974547118931200.000000 -8.322339058 5.161851883 0.753910422 -0.390030801 0.546876609 -0.487684727 0.557642937
1709974547318887424.000000 -7.837407589 5.150693417 0.743841887 -0.384616613 0.554264188 -0.492248267 0.550048113
1709974547518833408.000000 -7.355913639 5.103123188 0.768871963 -0.375374407 0.563516796 -0.507403851 0.532995522
1709974547752091648.000000 -6.803975105 5.005301476 0.768310189 -0.351797253 0.567966878 -0.529831171 0.522428215
1709974548051974656.000000 -6.095661163 4.871779919 0.744958162 -0.348584920 0.567094028 -0.528250873 0.527109087
1709974548318575872.000000 -5.487499714 4.770628929 0.730802774 -0.355400711 0.565548122 -0.529906094 0.522537231
1709974548551837440.000000 -4.943764210 4.662842274 0.724831879 -0.341701150 0.559271812 -0.544421017 0.523508489
1709974548818404864.000000 -4.350562572 4.503815174 0.730814338 0.333132565 -0.584917367 0.554767132 -0.489006966
1709974549051636480.000000 -3.867588282 4.330231190 0.726212025 0.310387731 -0.594203413 0.566858888 -0.478803486
1709974549318225408.000000 -3.317944527 4.128828526 0.737433612 0.308152854 -0.596240461 0.559916496 -0.485831946
1709974550417859584.000000 -1.263381600 2.997734070 0.803736031 -0.176345289 0.635362267 -0.659356952 0.361200213
1709974550717764096.000000 -0.846778750 2.526479721 0.773123562 -0.134175792 0.649739802 -0.678189337 0.316060573
1709974551284232448.000000 -0.085344970 1.709489584 0.685408771 -0.052714162 0.664990187 -0.707486629 0.233392254
1709974551717441280.000000 0.317797393 0.996291220 0.638876140 0.056815591 0.676966846 -0.723172963 0.124534599
1709974552350585344.000000 0.409889162 -0.079963237 0.488784999 0.152881026 0.688051760 -0.708914578 0.025539687
1709974552717159168.000000 0.361241966 -0.708023429 0.473354787 0.163407579 0.665013373 -0.728641570 -0.011688553
1709974553050380544.000000 0.324634761 -1.275068164 0.524094641 0.153439671 0.659618020 -0.735375047 -0.024163544
1709974553416967168.000000 0.254042119 -1.828420997 0.518971264 0.120908186 0.666141748 -0.735792279 0.015687685
1709974553716891136.000000 0.185506836 -2.273122549 0.551427841 0.063178912 0.667309046 -0.738051176 0.077378981
1709974554016793600.000000 0.204387143 -2.572611570 0.562085509 -0.001641368 0.671413839 -0.728498220 0.135981873
1709974554383363328.000000 0.270416886 -2.886266947 0.593646049 -0.079273604 0.651209652 -0.721234620 0.222401559
1709974554616628992.000000 0.338540196 -3.134350538 0.626593292 -0.135646284 0.640128732 -0.703366816 0.277687669
1709974554983161344.000000 0.438086629 -3.322981358 0.695615947 -0.253099561 0.611211538 -0.644996345 0.382545143
1709974555249750528.000000 0.508080184 -3.292083979 0.739414513 -0.325028270 0.574910164 -0.583409369 0.472724468
1709974555516352000.000000 0.584610403 -3.232942343 0.779234171 -0.408223748 0.529217303 -0.504754901 0.546356022
1709974555782935552.000000 0.640133619 -3.127881289 0.804053545 -0.466453016 0.484047800 -0.434205145 0.599654198
1709974556016181504.000000 0.667719424 -2.965027332 0.816507459 -0.500981510 0.444550216 -0.376967549 0.639756322
1709974556282770432.000000 0.695218742 -2.734493256 0.801461577 -0.538448155 0.387203187 -0.323698968 0.674808323
1709974556516041984.000000 0.702092290 -2.482176781 0.810261309 -0.567000687 0.355660915 -0.269864529 0.692234576
1709974557382425344.000000 0.678571880 -2.164598703 0.831668973 -0.650944829 0.189259633 -0.047636904 0.733609140
1709974557915581696.000000 0.620956779 -2.112723351 0.832827985 -0.657488167 0.141196504 0.008373938 0.740069389
1709974558082178304.000000 0.616828024 -2.108498096 0.829569221 -0.659220934 0.139059246 0.017397270 0.738774359
1709974558583359232.000000 0.610681772 -2.100732565 0.838404059 -0.654611886 0.128638744 0.015071566 0.744787395
1709974559885165568.000000 0.428731859 -2.160342693 0.870401621 -0.666184425 0.049492285 0.064013161 0.741384566
1709974560351941888.000000 0.600028753 -2.133567333 0.891672134 -0.640391886 0.129859701 -0.050712656 0.755290031
1709974560585329408.000000 0.552124918 -2.082855701 0.926935613 -0.627384961 0.123374932 -0.040282752 0.767817736
1709974560818709248.000000 0.409209877 -2.027200699 0.954228401 -0.629979908 0.103307545 0.011130882 0.769629180
1709974561018744320.000000 0.289932072 -2.037458897 0.954664469 -0.645425558 0.073458493 0.060091663 0.757904172
1709974561219001344.000000 0.202751368 -2.075461864 0.927906513 -0.664677203 0.039738044 0.086123601 0.741085589
1709974561452973312.000000 0.181010440 -2.144907236 0.884111941 -0.672367513 0.012022335 0.100799896 0.733223557
1709974561686988288.000000 0.227828309 -2.183383703 0.851445138 -0.684793472 0.029596157 0.072755396 0.724491954
1709974561921046272.000000 0.291198283 -2.187047482 0.808633685 -0.695705295 0.057588458 0.028393576 0.715451956
1709974562155073792.000000 0.330369264 -2.168197632 0.813602567 -0.687896907 0.090720609 -0.005385743 0.720096290
1709974562355314944.000000 0.310407072 -2.144483805 0.827526987 -0.682267010 0.102172196 -0.006944013 0.723895252
1709974562588938240.000000 0.232638121 -2.100747824 0.842351675 -0.682449341 0.090321876 0.015705829 0.725160897
1709974562789194240.000000 0.083679132 -2.085729122 0.863268673 -0.684629500 0.055601899 0.054693997 0.724706471
1709974562989457408.000000 -0.122396894 -2.084808350 0.892307162 -0.685546219 0.027658526 0.100583635 0.720516801
1709974563189691904.000000 -0.369546145 -2.062958479 0.912439585 -0.681503832 0.012079385 0.137228921 0.718731463
1709974563389860608.000000 -0.622927547 -2.034547091 0.913425922 -0.686312914 0.010078997 0.140450329 0.713545203
1709974563623391488.000000 -0.858027875 -1.958949089 0.907042861 -0.696830750 0.033184301 0.136832669 0.703279853
1709974563856923392.000000 -1.002549887 -1.807034850 0.899020553 -0.699214220 0.052322451 0.109900855 0.704474092
1709974564123818496.000000 -1.082867980 -1.513043880 0.894012272 -0.702215314 0.097917646 0.064698450 0.702225029
1709974564390681600.000000 -1.123843074 -1.122678399 0.889325261 -0.701462805 0.147789970 0.024725981 0.696775913
1709974564657544192.000000 -1.161336780 -0.716402769 0.902107000 -0.702871621 0.140087366 -0.001518684 0.697384179
1709974564891048960.000000 -1.185116172 -0.301358759 0.894641995 -0.689955652 0.127868071 0.000212747 0.712468207
1709974565157911552.000000 -1.174689174 0.228357375 0.931136608 -0.677910328 0.113570884 -0.004956853 0.726302147
1709974565391420416.000000 -1.135318518 0.672587991 0.954320252 -0.679976881 0.111856349 -0.005375801 0.724631429
1709974565691645696.000000 -1.088407278 1.260897040 0.944353402 -0.673610985 0.068964817 0.033954460 0.735077679
1709974566158662144.000000 -1.262376189 2.045803308 0.986932874 -0.674203157 -0.056794435 0.157958522 0.719217360
1709974566659036160.000000 -1.737557888 2.911413193 1.011220336 -0.652114630 -0.141696900 0.254036099 0.700095832
1709974566925901824.000000 -2.092071295 3.403776407 0.978907645 -0.643946886 -0.184530213 0.295400590 0.681189775
1709974567192769280.000000 -2.531921864 3.980836391 0.989037335 -0.627241790 -0.231552273 0.358562440 0.651447833
1709974567392923136.000000 -2.898758173 4.314456463 0.996444166 -0.619460762 -0.269536644 0.389248997 0.626181781
1709974567626436096.000000 -3.351259232 4.537097454 0.983103335 -0.592141926 -0.304181159 0.427036345 0.611949086
1709974567859949056.000000 -3.833536386 4.743976593 0.992474854 -0.590570807 -0.319583267 0.437700927 0.597921908
1709974568126821120.000000 -4.422718525 4.961956024 1.001665354 -0.589666545 -0.327302009 0.442763656 0.590869784
1709974568393700096.000000 -5.062835217 5.166759491 1.010446429 -0.559062064 -0.362209231 0.478334308 0.572232783
1709974568660579584.000000 -5.717998028 5.343247890 1.008230686 -0.541015625 -0.384516239 0.499403358 0.556817532
1709974568960819200.000000 -6.494710445 5.483347893 0.968988299 -0.534851313 -0.388724416 0.509156466 0.550987482
1709974569227698944.000000 -7.188695431 5.619401932 1.003100753 -0.558579504 -0.373718530 0.487453818 0.557415724
1709974569494577920.000000 -7.883172989 5.750765324 0.988542736 -0.547737181 -0.375824541 0.489734471 0.564712465
1709974569761457408.000000 -8.571462631 5.877738476 0.993592143 -0.531553984 -0.395634055 0.511924028 0.546679020
1709974570095057920.000000 -9.459748268 5.955472469 0.990670681 -0.512737274 -0.415916622 0.539681196 0.522358179
1709974570395276288.000000 -10.228441238 5.967402935 1.024107814 -0.509063661 -0.420659900 0.545864642 0.515685320
1709974570695491328.000000 -11.015544891 5.969598293 1.022946835 -0.489979833 -0.433539480 0.558272660 0.510191083
1709974570962348032.000000 -11.677753448 5.926049232 1.040175557 0.462345541 0.458462656 -0.586903691 -0.481240720
1709974571262563072.000000 -12.349009514 5.741252899 1.049916506 0.432727218 0.493260294 -0.614202023 -0.438403219
1709974571562778112.000000 -13.114871025 5.515777111 1.015974283 0.408536553 0.502799451 -0.640784502 -0.411929399
1709974571862993152.000000 -13.751008987 5.213397026 1.016520739 0.389942080 0.521218181 -0.660006106 -0.375058413
1709974572129850112.000000 -14.246307373 4.908713818 1.021909475 0.348458111 0.539816856 -0.688999116 -0.335343063
1709974572363349504.000000 -14.585397720 4.644255161 1.050046444 0.305876821 0.575435400 -0.703881860 -0.282601982
1709974572563491072.000000 -14.847777367 4.401956081 1.065389514 0.261649400 0.599095523 -0.719524264 -0.234326661
1709974572730275584.000000 -15.054533958 4.167968750 1.070570707 0.245876327 0.605412066 -0.729006767 -0.203887820
1709974572930416896.000000 -15.281175613 3.859385014 1.093802810 0.223798200 0.603388011 -0.743704140 -0.180945873
1709974573163915776.000000 -15.545679092 3.489055395 1.100876212 0.217382774 0.614028215 -0.740717113 -0.164475784
1709974573430783232.000000 -15.846918106 3.003413677 1.088281870 0.200458616 0.616273999 -0.749578059 -0.134742036
1709974573697650688.000000 -16.054756165 2.480010033 1.104134679 0.170274317 0.644675136 -0.739580214 -0.091769964
1709974573997875968.000000 -16.216140747 1.841420293 1.098757625 0.128092423 0.645778358 -0.750558317 -0.056788392
1709974574231385344.000000 -16.293926239 1.306963325 1.115424991 0.119803697 0.660201967 -0.739856005 -0.048924003
1709974574498255104.000000 -16.368003845 0.682333231 1.125320792 0.104794390 0.654683053 -0.747831166 -0.034011975
1709974575499012352.000000 -16.403644562 -1.609463811 1.120843768 0.062336769 0.667123318 -0.742154539 0.016350681
1709974576032745984.000000 -16.305896759 -2.873572826 1.099190831 0.041756973 0.654949427 -0.752993464 0.047942918
1709974576533153024.000000 -16.114376068 -3.880286455 1.052658677 0.027767111 0.653687418 -0.754584014 0.050247245
1709974577033570560.000000 -15.879218102 -4.955132961 1.073403120 0.033457607 0.659757972 -0.748647034 0.055925883
1709974577600650752.000000 -15.591012955 -5.750885487 0.951608479 -0.085124582 0.658315837 -0.729224086 0.166151613
1709974578101000448.000000 -15.141704559 -6.370830059 0.661164403 -0.160864294 0.619568825 -0.726999283 0.248453811
1709974578634737920.000000 -14.509556770 -7.067942142 0.584678590 -0.243355006 0.597934783 -0.674037278 0.359062880
1709974579168478976.000000 -13.721841812 -7.594851494 0.605369627 -0.312675416 0.569150567 -0.613188803 0.449779004
1709974579668877824.000000 -12.698360443 -7.945037842 0.614651740 -0.325263917 0.563925445 -0.585724533 0.482823342
1709974580169282560.000000 -11.456365585 -8.205143929 0.600714266 -0.341175616 0.539656639 -0.569147408 0.518113017
1709974580669743104.000000 -10.190802574 -8.318626404 0.583232820 -0.359228730 0.525146544 -0.563309312 0.527122855
1709974581170209280.000000 -8.864902496 -8.423442841 0.576144397 -0.338551670 0.551736772 -0.560128093 0.516939044
1709974581670663680.000000 -7.525946617 -8.513229370 0.562777102 -0.354522258 0.534156024 -0.553771734 0.531345665
1709974582204474880.000000 -6.040324211 -8.537975311 0.513581753 -0.332716227 0.555661678 -0.563151717 0.513225317
1709974582771548160.000000 -4.448496342 -8.578653336 0.482911140 -0.350756198 0.527127862 -0.556340516 0.538137019
1709974583271905536.000000 -3.099634171 -8.598171234 0.461828977 -0.361247420 0.521364510 -0.542046189 0.551239789
1709974583772261888.000000 -1.763190866 -8.697675705 0.430603087 -0.362861514 0.541304290 -0.529718578 0.542880774
1709974584273084928.000000 -0.393956363 -8.862740517 0.412353516 -0.383993030 0.517202795 -0.519889235 0.561039984
1709974584809218048.000000 1.148468733 -9.011783600 0.361601055 -0.346617043 0.545064807 -0.543497503 0.536070406
1709974585344606976.000000 2.731724501 -9.422490120 0.229215354 -0.326984823 0.550889611 -0.558975399 0.526448488
1709974585844736512.000000 4.186284542 -10.116248131 0.107567035 -0.229489371 0.596469879 -0.624884963 0.448416293
1709974586344853248.000000 5.329734802 -10.953207016 0.033168472 -0.171283007 0.607679486 -0.672428191 0.386300623
1709974586844968704.000000 6.469788074 -11.781298637 -0.015213575 -0.192082539 0.613705337 -0.663730204 0.382011026
1709974587345081088.000000 7.639678955 -12.688667297 -0.043030120 -0.157369420 0.629461706 -0.679428816 0.342621416
1709974587878549248.000000 8.753374100 -13.709591866 -0.033357725 -0.174962685 0.616136491 -0.678557098 0.359616697
1709974588378661632.000000 9.791450500 -14.705644608 -0.036295701 -0.152306497 0.614990890 -0.699258626 0.331098735
1709974588912104960.000000 10.871437073 -15.740109444 -0.052271839 -0.161807701 0.608750463 -0.695383430 0.345952332
1709974589412226816.000000 11.915026665 -16.614036560 -0.120168574 -0.181375086 0.597072482 -0.697399020 0.352479964
1709974589912374016.000000 12.934006691 -17.526903152 -0.135347381 -0.168812603 0.611038268 -0.694334328 0.340638340
1709974590412522752.000000 13.983993530 -18.374979019 -0.172599867 -0.214373574 0.594058990 -0.670533419 0.389259487
1709974590946013952.000000 15.156865120 -19.448389053 -0.226925001 -0.182843238 0.602592468 -0.698344588 0.340243369
1709974591446170880.000000 16.246707916 -20.394966125 -0.264431983 -0.185374424 0.594429493 -0.698471665 0.352742523
1709974591979671808.000000 17.406030655 -21.311048508 -0.316518068 -0.201454207 0.604198813 -0.688386559 0.347107977
1709974592513182720.000000 18.491895676 -22.155813217 -0.337670267 -0.226134434 0.595305443 -0.657544553 0.402628809
1709974593046687488.000000 19.599945068 -22.979326248 -0.350228310 -0.247438043 0.583395958 -0.649044454 0.420909554
1709974593546849024.000000 20.648260117 -23.725179672 -0.310997665 -0.252918988 0.588566244 -0.639892995 0.424451202
1709974594046989568.000000 21.668783188 -24.429374695 -0.234316602 -0.276424706 0.574804544 -0.616617441 0.461489111
1709974594547154176.000000 22.736310959 -24.988912582 -0.068649888 -0.285149336 0.580214143 -0.613631308 0.453319043
1709974594980622336.000000 23.608003616 -25.350873947 0.254676163 -0.291379005 0.575445116 -0.607768059 0.463227063
1709974595480779776.000000 24.645381927 -25.693109512 0.350524038 -0.339130372 0.543775141 -0.556899250 0.528358161
1709974595980924928.000000 25.787946701 -25.779811859 0.367777556 -0.382654041 0.511470199 -0.520246506 0.566849053
1709974596481116160.000000 26.995939255 -25.721305847 0.372694433 -0.392401963 0.498106867 -0.497466564 0.591977477
1709974596981333504.000000 28.202327728 -25.571943283 0.385740846 -0.426240116 0.479929566 -0.466794699 0.608350098
1709974597481538048.000000 29.433296204 -25.610040665 0.449662834 -0.373373747 0.519537926 -0.514083087 0.571306348
1709974597981726208.000000 30.620042801 -25.887559891 0.440290749 -0.369924188 0.528747857 -0.530167997 0.550003469
1709974598481916416.000000 31.807313919 -26.073383331 0.460583210 -0.355128765 0.519276619 -0.550060868 0.549243510
1709974598982096640.000000 32.905540466 -26.142223358 0.492884666 -0.380658299 0.494937152 -0.518306255 0.584375858
1709974599482255872.000000 33.874340057 -26.063447952 0.500255942 -0.444081247 0.455772877 -0.443816930 0.630943298
1709974599982388480.000000 34.986988068 -25.871490479 0.554369807 -0.387561172 0.519395113 -0.470231801 0.599088609
1709974600483278848.000000 36.125637054 -25.918838501 0.595712841 -0.334589183 0.550083578 -0.516947985 0.564112604
1709974600984814848.000000 37.170539856 -26.217639923 0.621316433 -0.297096789 0.561705649 -0.571954846 0.518736839
1709974601485672960.000000 38.092704773 -26.671794891 0.659246147 -0.262196660 0.580079913 -0.613076270 0.467865139
1709974601986022144.000000 38.996360779 -26.991960526 0.708837152 -0.347451329 0.525620103 -0.553969324 0.544168234
1709974602486384896.000000 39.896278381 -26.924575806 0.746430457 -0.383313417 0.465618521 -0.499368995 0.622013569
1709974602986755328.000000 40.525207520 -26.592584610 0.743018568 -0.484967142 0.374051869 -0.363297552 0.702073395
1709974603487108864.000000 40.631267548 -26.308853149 0.815914154 -0.623538017 0.143035710 -0.073937409 0.765032291
1709974603987448576.000000 40.285934448 -26.154357910 0.855807364 -0.656328022 -0.065265954 0.198545977 0.724950671
1709974604487836160.000000 39.670059204 -26.298406601 0.876213789 -0.625654936 -0.193789542 0.337407768 0.676134348
1709974604988256256.000000 39.075511932 -26.401803970 0.862193227 -0.592013597 -0.266952932 0.441743970 0.618965566
1709974605522003456.000000 38.392696381 -26.290525436 0.863741338 -0.556047201 -0.326486140 0.516432762 0.563485265
1709974606022372096.000000 37.578624725 -26.067041397 0.850949705 -0.527688861 -0.349703699 0.543697417 0.551039875
1709974606556080384.000000 36.573848724 -25.778285980 0.835330665 -0.534269273 -0.347110003 0.532419205 0.557315767
1709974607056421632.000000 35.546733856 -25.680936813 0.822226524 0.492812961 0.420139134 -0.600103915 -0.469567686
1709974607556789760.000000 34.456298828 -25.965309143 0.795459449 0.452849865 0.449328989 -0.650627434 -0.411964208
1709974608057167104.000000 33.209747314 -26.145923615 0.755036652 0.488232851 0.430037230 -0.628789783 -0.425816983
1709974608590918144.000000 31.771877289 -26.272338867 0.736419618 0.499290437 0.387539387 -0.601702690 -0.488340318
1709974609124674816.000000 30.353921890 -26.190431595 0.728403151 -0.526100993 -0.355897248 0.562419057 0.529376864
1709974609625042688.000000 29.027557373 -26.033771515 0.724649072 -0.518963158 -0.375411421 0.568617404 0.516156733
1709974610125405440.000000 27.713296890 -25.910991669 0.742927909 -0.527443051 -0.357937664 0.546099186 0.543562531
1709974610659125504.000000 26.246154785 -25.773046494 0.747957051 -0.507527351 -0.371012062 0.576987743 0.521393538
1709974611192844544.000000 24.826414108 -25.539220810 0.718666792 -0.555382013 -0.329315573 0.536890864 0.543001175
1709974611726571008.000000 23.457782745 -25.141960144 0.680014610 -0.580302894 -0.271237880 0.502696335 0.580495417
1709974612226939392.000000 22.318952560 -24.670890808 0.571846306 -0.575134218 -0.255699962 0.464210659 0.623174608
1709974612760672256.000000 21.158866882 -24.123054504 0.391719609 -0.602912545 -0.209582329 0.412557274 0.649898708
1709974613327762176.000000 19.984098434 -23.245010376 0.066539690 -0.602034748 -0.194607094 0.392061740 0.667809784
1709974613828129024.000000 18.900878906 -22.331012726 0.081222236 -0.620646596 -0.175733998 0.359786332 0.674143255
1709974614361856000.000000 17.777420044 -21.256761551 0.095324531 -0.589205980 -0.213471398 0.382579505 0.678895652
1709974614862232064.000000 16.691717148 -20.236616135 0.131231278 -0.595420599 -0.192944974 0.369341254 0.686901450
1709974615395965440.000000 15.560441971 -19.200614929 0.112896219 -0.601429880 -0.204824835 0.382169098 0.671025872
1709974615929695232.000000 14.406130791 -18.253168106 0.114528440 -0.603742063 -0.210920960 0.382855356 0.666655660
1709974616430067456.000000 13.419189453 -17.347366333 0.135369554 -0.596799731 -0.202457711 0.392617762 0.669845045
1709974616930441216.000000 12.381093979 -16.479881287 0.153979585 -0.583765924 -0.224614769 0.414449543 0.661057711
1709974617430811136.000000 11.308339119 -15.652743340 0.221404657 -0.591614366 -0.219092533 0.402440935 0.663349271
1709974617931177728.000000 10.195561409 -14.801083565 0.275459379 -0.575071335 -0.243624955 0.438314706 0.646390021
1709974618431549184.000000 9.028759003 -14.000436783 0.281132102 -0.585457206 -0.237418920 0.433104873 0.642878115
1709974618931927040.000000 7.952922344 -13.184228897 0.271385700 -0.572689056 -0.261512190 0.464290440 0.622955024
1709974619465655808.000000 6.723090649 -12.430911064 0.280944407 -0.571332276 -0.272518605 0.463205844 0.620284915
1709974619966017536.000000 5.522418499 -11.760675430 0.331574827 -0.562182307 -0.263536632 0.480550647 0.619330823
1709974620499766272.000000 4.338566780 -11.276923180 0.391988218 -0.536835849 -0.336037636 0.530125916 0.563784182
1709974621000182272.000000 3.158667803 -10.944025040 0.486547709 -0.519672394 -0.359494239 0.553255677 0.542782307
1709974621500591104.000000 2.032644033 -10.785571098 0.520343065 0.493315816 0.401649237 -0.592783093 -0.493888348
1709974622000995328.000000 0.806384742 -10.813045502 0.508355796 0.475184768 0.396414399 -0.611571014 -0.492986858
1709974622534738176.000000 -0.574104130 -10.879124641 0.487458050 0.497807801 0.395424426 -0.592584372 -0.494642079
1709974623035108608.000000 -1.867877126 -10.854193687 0.503606200 0.496912777 0.394198686 -0.591197014 -0.498167753
1709974623568867328.000000 -3.258828402 -10.783588409 0.518788457 -0.527478635 -0.368834019 0.555808783 0.526121974
1709974624069281792.000000 -4.536550522 -10.622510910 0.572799146 -0.514648736 -0.377693713 0.580036938 0.506005347
1709974624569722624.000000 -5.794456005 -10.479460716 0.584607840 -0.518381596 -0.387043446 0.565884173 0.511129260
1709974625070179584.000000 -7.046932220 -10.226549149 0.572685182 -0.526539564 -0.370632678 0.569716036 0.510696828
1709974625570607360.000000 -8.311191559 -10.044047356 0.569304585 -0.513372958 -0.369614571 0.568881392 0.525554180
1709974626071026944.000000 -9.663687706 -9.878170967 0.597760141 -0.541330993 -0.327355921 0.530332327 0.564399362
1709974626604802048.000000 -11.116607666 -9.594250679 0.574546516 -0.551752985 -0.332123071 0.523155630 0.558185697
1709974627105216768.000000 -12.493667603 -9.218619347 0.504220068 -0.574916959 -0.272674471 0.469760120 0.611918867
1709974627638963968.000000 -13.744971275 -8.552493095 0.423712045 -0.590354860 -0.176281855 0.401723713 0.677513063
1709974628172705536.000000 -14.695397377 -7.728477955 0.417420000 -0.592412949 -0.093859062 0.296430796 0.743213415
1709974628673068800.000000 -15.142778397 -6.882179260 0.531144500 -0.626220167 -0.017613459 0.203943908 0.752293169
1709974629173429248.000000 -15.354470253 -6.007719040 0.890658200 -0.637886107 -0.013828058 0.172597736 0.750413358
1709974629673806336.000000 -15.504071236 -5.027493000 0.968731284 -0.620522618 0.022269307 0.132959589 0.772513747
1709974630174183680.000000 -15.594083786 -3.983828306 1.011979580 -0.620658934 0.069623701 0.087697752 0.776043892
1709974630707905536.000000 -15.542160988 -2.786995411 1.009887218 -0.635266960 0.089726172 0.093581758 0.761332810
1709974631241626368.000000 -15.496800423 -1.506988168 1.022461414 -0.622975171 0.088458538 0.091880769 0.771773994
1709974631742009856.000000 -15.300057411 -0.274980962 1.045933723 -0.612793922 0.130504295 0.056088693 0.777371407
1709974632776124416.000000 -14.447774887 2.140481949 1.039358854 -0.585521102 0.258529693 -0.092788145 0.762704313
1709974632909557248.000000 -14.244931221 2.402946472 1.017292500 -0.569440365 0.278391004 -0.117165871 0.764531493
1709974633476661504.000000 -13.285125732 3.465825319 0.945179582 -0.532797813 0.333381623 -0.193779856 0.753281116
1709974633977061632.000000 -12.325945854 4.224730492 0.877556801 -0.477487862 0.400567859 -0.311267197 0.717400491
1709974634477458432.000000 -11.112936974 4.691515446 0.824234128 -0.462648839 0.425969452 -0.347518474 0.695512116
1709974634977852160.000000 -9.793998718 5.021136284 0.782696843 -0.425478458 0.453789920 -0.406429261 0.669221938
1709974635144649984.000000 -9.338451385 5.077344418 0.781518519 -0.411592960 0.473630637 -0.428604633 0.650048733
1709974635645006848.000000 -7.927522182 5.110257626 0.766657412 -0.392238289 0.494021416 -0.456690103 0.627316654
1709974636645706752.000000 -5.271439552 4.602794170 0.758354902 -0.309065968 0.546886623 -0.547506332 0.552838266
1709974637146055168.000000 -4.053809643 4.242016315 0.771747351 -0.301710397 0.534971654 -0.550946474 0.565008163
1709974637648423424.000000 -2.800715208 3.733953476 0.779371679 -0.242939427 0.578385532 -0.602577031 0.493306875
1709974638151378432.000000 -1.727724910 3.092838526 0.772678673 -0.196578100 0.583883524 -0.637136102 0.463135660
1709974638651956992.000000 -0.803026080 2.471989155 0.729794860 -0.111369267 0.601204455 -0.697755396 0.373212546
1709974639185390336.000000 -0.081376165 1.634255528 0.617070079 0.005631256 0.614252031 -0.750300586 0.244360164
1709974639718887680.000000 0.316963494 0.628912210 0.512043774 0.095765352 0.617764652 -0.770779431 0.122861676
1709974640219018240.000000 0.312381774 -0.267958999 0.443996698 0.167076439 0.618573785 -0.767748594 0.003754853
1709974640752537600.000000 0.165286884 -1.306163669 0.458909035 0.115761980 0.624835610 -0.770582557 0.048808094
1709974641252687616.000000 0.248140126 -2.199328423 0.526756763 -0.020894008 0.606961787 -0.776268780 0.169019833
1709974641752858624.000000 0.530016840 -2.860302448 0.514182448 -0.160869300 0.576476216 -0.716687262 0.357988387
1709974642253009152.000000 0.848665774 -3.218390942 0.514740348 -0.342569798 0.494583726 -0.576242566 0.553152263
1709974642753216512.000000 1.204610825 -3.258649349 0.527383447 -0.442084700 0.395156622 -0.449113101 0.668363571
1709974643253403136.000000 1.427874684 -3.096020699 0.526543617 -0.501639307 0.303549111 -0.302309066 0.751548529
1709974643653533952.000000 1.490447044 -2.928555250 0.531112492 -0.546040177 0.223199204 -0.161397070 0.791184723
1709974644086988800.000000 1.527478814 -2.737763643 0.507835448 -0.590358675 0.156571463 -0.025137544 0.791410208
1709974644520436992.000000 1.488369703 -2.573014259 0.493704975 -0.597496033 0.103818387 0.045303345 0.793831110
1709974644987208960.000000 1.309080243 -2.352939606 0.511205316 -0.612645268 0.095986277 0.113569669 0.776243746
1709974645420647680.000000 1.113537669 -2.229895830 0.499104112 -0.617851496 0.018127518 0.145427510 0.772516489
1709974645820764928.000000 0.987262189 -2.036374807 0.493673414 -0.622532547 0.081882782 0.051680449 0.776580751
1709974646687690752.000000 0.405649155 -1.558404088 0.391884118 -0.646213174 0.083325915 0.081671096 0.754185140
1709974647121151488.000000 0.068415821 -1.319650054 0.346144348 -0.667240858 0.048999332 0.089902110 0.737771273
1709974647521257728.000000 -0.221343949 -1.120951533 0.307061970 -0.679474533 0.048440289 0.081699692 0.727525353
1709974647787985920.000000 -0.391274542 -0.961148024 0.283061802 -0.686696231 0.054683022 0.088571161 0.719453454
1709974648221399808.000000 -0.647319734 -0.664594114 0.284016460 -0.717012167 0.047540106 0.062945701 0.692583144
1709974648621506560.000000 -0.869655490 -0.367253482 0.296130925 -0.721016884 0.046104360 0.058182120 0.688929558
1709974648988252672.000000 -1.053394556 -0.074756384 0.314392120 -0.720683634 0.047128089 0.057966352 0.689227104
1709974649388356096.000000 -1.225667357 0.257304281 0.341897219 -0.719552934 0.048078027 0.057709359 0.690363526
1709974649721810176.000000 -1.347010612 0.534618855 0.368018210 -0.718686938 0.048439190 0.057828043 0.691229880
1709974650055252480.000000 -1.449198604 0.807428360 0.397857338 -0.717745006 0.048474144 0.057938401 0.692196131
1709974650422035712.000000 -1.537716985 1.096226454 0.433991969 -0.717102647 0.048016604 0.058101922 0.692879856
1709974650755470080.000000 -1.596067548 1.343665957 0.472899377 -0.716639698 0.047918011 0.057340972 0.693428755
1709974651122233344.000000 -1.642331481 1.587144494 0.520412624 -0.716174901 0.046937309 0.056998096 0.694004059
1709974651422334720.000000 -1.669483304 1.752391458 0.557735384 -0.715847611 0.045932509 0.056719359 0.694431722
1709974651755789568.000000 -1.691297293 1.892390132 0.592248201 -0.715497613 0.044955410 0.056519981 0.694872499
1709974652022544640.000000 -1.703610659 1.968939543 0.611881077 -0.715080619 0.043878708 0.056369506 0.695382595
1709974652355975424.000000 -1.713741064 2.020200014 0.625995517 -0.714842916 0.043192871 0.056140017 0.695688367
1709974652589364480.000000 -1.716635704 2.032661915 0.629759848 -0.714779317 0.042918511 0.055964503 0.695784867
1709974652889425152.000000 -1.716802239 2.033652306 0.629875004 -0.714755476 0.042820625 0.055705812 0.695836127
1709974653122797568.000000 -1.716861606 2.033484459 0.629783928 -0.714680076 0.042799473 0.055634338 0.695920646
1709974653389921024.000000 -1.716888785 2.033393860 0.629781008 -0.714746356 0.042833865 0.055673014 0.695847332
1709974653657402880.000000 -1.716903210 2.033589602 0.629849911 -0.714753032 0.042891774 0.055709362 0.695833981
1709974653924947200.000000 -1.716763258 2.033361673 0.630025089 -0.714766145 0.042860072 0.056027640 0.695796967
1709974654459533568.000000 -1.716925740 2.033627272 0.629706919 -0.714666069 0.042842411 0.055680521 0.695928574
1709974654959875072.000000 -1.716914773 2.033617020 0.629757226 -0.714659035 0.042832300 0.055661034 0.695938051
1709974655493579776.000000 -1.716941595 2.033672333 0.629632175 -0.714623332 0.042808384 0.055546101 0.695985317
1709974656027294976.000000 -1.716944575 2.033619881 0.629671812 -0.714605331 0.042788506 0.055488236 0.696009755
1709974656561010432.000000 -1.717010856 2.033683777 0.629948914 -0.714612007 0.042908423 0.055447266 0.695998669